1	0.0013	0.0082	0.0008	0.0013	0.0014	0.0038
1001	0.5694	4.5572	0.256298	2.4355	0.538999	4.3233
2001	0.6189	5.1506	0.220199	2.7901	0.5675	5.3118
3001	0.515099	4.49701	0.205198	2.7511	0.500898	4.7537
4001	0.520599	4.3656	0.198798	2.6952	0.464698	4.7051
5001	0.499399	4.4531	0.202199	2.7567	0.461498	4.7597
6001	0.482799	4.3039	0.200698	2.781	0.459498	4.7673
7001	0.469998	4.3589	0.198398	2.7841	0.444598	4.752
8001	0.544399	4.2483	0.198998	2.7644	0.451298	4.8033
9001	0.504499	4.5772	0.201698	3.007	0.477598	4.9839
10001	0.489499	4.4825	0.199798	2.952	0.464398	4.94
11001	0.476399	4.2601	0.196598	2.8204	0.433797	4.9081
12001	0.545	4.1967	0.197398	2.8365	0.440698	4.9159
13001	0.465798	4.153	0.197998	2.8233	0.433497	4.9251
14001	0.481698	4.3701	0.197699	2.9654	0.453598	5.0259
15001	0.5633	4.198	0.195998	2.8943	0.433597	4.9634
16001	0.5416	4.1734	0.197498	2.8668	0.438198	4.9483
17001	0.480899	4.3064	0.202298	3.0044	0.449098	5.0472
18001	0.549399	4.1916	0.197198	2.9159	0.439597	5.0009
19001	0.483599	4.2152	0.197098	2.892	0.446998	5.0185
20001	0.4906	4.2532	0.199698	2.9726	0.450198	5.0883
21001	0.552399	4.2644	0.196498	3.023	0.444497	5.0848
22001	0.5072	4.3607	0.199398	3.0315	0.453298	5.06801
23001	0.5054	4.3642	0.199698	3.102	0.452798	5.1582
24001	0.467998	4.2821	0.196898	2.9838	0.448397	5.0615
25001	0.486499	4.1714	0.197398	2.918	0.438398	5.0615
26001	0.4868	4.1672	0.198398	2.9583	0.443798	5.079
27001	0.549699	4.1811	0.197198	2.9999	0.447898	5.1167
28001	0.567502	4.2356	0.201398	3.0418	0.458198	5.1422
29001	0.479499	4.1881	0.202698	3.0277	0.443898	5.1272
30001	0.516299	4.4729	0.202498	3.1951	0.477498	5.2312
31001	0.561501	4.799	0.201998	3.3459	0.477598	5.4375
32001	0.468498	4.1907	0.197998	3.0578	0.444197	5.1594
33001	0.5075	4.4481	0.199198	3.1223	0.459898	5.2124
34001	0.5092	4.4182	0.199898	3.23	0.466298	5.2943
35001	0.491898	4.3813	0.215398	3.1293	0.469397	5.2004
36001	0.581302	4.153	0.199698	2.9933	0.447898	5.1547
37001	0.468299	4.1652	0.200298	3.0333	0.437298	5.1276
38001	0.598702	4.429	0.199898	3.1667	0.468898	5.3212
39001	0.4964	4.267	0.198098	3.1063	0.454098	5.2275
40001	0.503198	4.3252	0.197698	3.1296	0.452798	5.195
41001	0.514001	4.3008	0.212298	3.1423	0.468198	5.2211
42001	0.492199	4.4299	0.208598	3.3172	0.468198	5.49909
43001	0.508	4.2719	0.198098	3.0414	0.451898	5.2135
44001	0.479099	4.119	0.200398	2.9999	0.443198	5.1418
45001	0.597401	4.2941	0.197298	3.2195	0.463898	5.2163
46001	0.5485	4.6117	0.212199	3.3431	0.552299	5.6776
47001	0.571199	5.0281	0.224199	3.6366	0.553099	5.9512
48001	0.684998	5.0947	0.224798	3.6497	0.5849	6.0286
49001	0.492699	4.4495	0.204198	3.2925	0.476898	5.3437
50001	0.529401	4.4253	0.201499	3.2143	0.472599	5.2789
51001	0.478499	4.2388	0.198098	3.1703	0.448398	5.22539
52001	0.5337	4.4453	0.201398	3.2334	0.479698	5.3407
53001	0.5012	4.3681	0.199399	3.212	0.462498	5.24
54001	0.494799	4.2608	0.198998	3.1028	0.456698	5.1757
55001	0.607799	5.0524	0.229599	3.6476	0.555099	6.156
56001	0.634701	5.5689	0.247999	3.9191	0.607302	6.6925
57001	0.644101	4.6764	0.209899	3.4526	0.5329	5.6486
58001	0.487299	4.3365	0.199298	3.2267	0.461098	5.3049
59001	0.520501	4.267	0.202398	3.0967	0.464299	5.2017
60001	0.490698	4.2082	0.199598	3.1282	0.452798	5.2425
61001	0.5162	4.4133	0.196498	3.1635	0.462498	5.2356
62001	0.488	4.3193	0.200098	3.1325	0.456098	5.2045
63001	0.596702	4.3055	0.201198	3.1759	0.460898	5.2652
64001	0.5033	4.2065	0.196898	3.1396	0.453698	5.2202
65001	0.5676	4.1764	0.197598	3.0981	0.447297	5.1977
66001	0.515501	4.2767	0.199598	3.176	0.457698	5.2431
67001	0.485299	4.3209	0.199698	3.1738	0.450198	5.2109
68001	0.519801	4.2811	0.197898	3.1447	0.465499	5.2234
69001	0.483799	4.3212	0.201099	3.2438	0.464598	5.2776
70001	0.625603	4.3448	0.198598	3.2277	0.478999	5.2711
71001	0.530199	4.7202	0.214198	3.543	0.516599	5.6257
72001	0.555802	4.6263	0.205198	3.3794	0.500299	5.3859
73001	0.512699	4.4779	0.206998	3.3824	0.498298	5.4496
74001	0.5553	4.6443	0.208398	3.4062	0.508298	5.4561
75001	0.5176	4.4327	0.201098	3.3157	0.473298	5.374
76001	0.514099	4.4215	0.202298	3.2563	0.469698	5.3041
77001	0.5158	4.4001	0.206598	3.2847	0.472599	5.2959
78001	0.513699	4.473	0.199198	3.2642	0.462398	5.2541
79001	0.5599	4.2639	0.208298	3.2119	0.456098	5.2302
80001	0.5798	4.5298	0.205698	3.3789	0.487999	5.4228
81001	0.619702	4.4082	0.201798	3.2789	0.478499	5.3498
82001	0.5975	5.286	0.2345	3.8546	0.612399	6.3286
83001	0.722101	4.9215	0.212799	3.767	0.5559	5.6522
84001	0.499699	4.3835	0.202598	3.2814	0.557699	5.3103
85001	0.545201	4.4257	0.199999	3.2794	0.480198	5.3068
86001	0.4986	4.4164	0.201398	3.2936	0.472398	5.3633
87001	0.5191	4.3456	0.200598	3.168	0.466098	5.2498
88001	0.4975	4.2575	0.198998	3.1459	0.460098	5.2052
89001	0.522299	4.4666	0.202799	3.244	0.478298	5.3035
90001	0.5283	4.3976	0.200798	3.3128	0.487199	5.3696
91001	0.537099	4.8492	0.209099	3.505	0.508798	5.6727
92001	0.644699	5.4923	0.239199	3.916	0.614401	6.6335
93001	0.5873	4.5519	0.206799	3.3464	0.484698	5.5559
94001	0.552501	4.5624	0.201299	3.3736	0.493799	5.5357
95001	0.488199	4.3141	0.200898	3.2664	0.463198	5.3327
96001	0.529801	4.3882	0.197198	3.1922	0.467999	5.2821
97001	0.490799	4.4234	0.200499	3.3181	0.474598	5.4015
98001	0.609303	4.2827	0.199398	3.2518	0.477199	5.3442
99001	0.490199	4.4325	0.203199	3.3148	0.473198	5.387
100001	0.618002	4.3596	0.200298	3.25	0.481798	5.3477
101001	0.492599	4.3525	0.201398	3.2904	0.457198	5.3086
102001	0.521399	4.3872	0.198198	3.2109	0.470498	5.2603
103001	0.5072	4.2837	0.201598	3.1964	0.457598	5.2481
104001	0.509199	4.3849	0.202199	3.2248	0.472498	5.34
105001	0.517201	4.3372	0.197598	3.1891	0.463599	5.2596
106001	0.63	4.8055	0.208499	3.5728	0.529399	5.7574
107001	0.5662	4.6266	0.205699	3.5042	0.5328	5.5028
108001	0.562599	4.2523	0.199498	3.1842	0.453398	5.2368
109001	0.601703	4.3018	0.200898	3.2007	0.471499	5.2475
110001	0.486399	4.3022	0.200098	3.2626	0.465498	5.2649
111001	0.614403	4.3145	0.200698	3.2104	0.456298	5.42209
112001	0.474999	4.314	0.217298	3.3277	0.439297	5.2577
113001	0.666802	4.6489	0.199299	3.5693	0.529899	5.688
114001	0.484399	4.2812	0.197698	3.2364	0.439297	5.2889
115001	0.557501	4.5374	0.201598	3.3766	0.468098	5.3445
116001	0.504499	4.5213	0.200798	3.3581	0.459898	5.3879
117001	0.604401	4.4776	0.200299	3.3131	0.461698	5.4403
118001	0.5074	4.3243	0.219998	3.248	0.453998	5.3146
119001	0.524899	4.7247	0.201599	3.4569	0.5534	5.5903
120001	0.523101	4.2789	0.199098	3.1805	0.459398	5.2712
121001	0.501099	4.4514	0.198399	3.2406	0.469198	5.30681
122001	0.547401	4.4523	0.202698	3.3405	0.491599	5.3435
123001	0.557099	4.4001	0.200498	3.3102	0.469998	5.3268
124001	0.670101	4.8548	0.217399	3.5686	0.542899	5.8587
125001	0.5538	4.9767	0.220398	3.7356	0.5673	6.0659
126001	0.546102	4.502	0.201598	3.2387	0.485999	5.3537
127001	0.490899	4.3361	0.203998	3.2714	0.467198	5.4407
128001	0.565002	4.6323	0.204399	3.3863	0.489499	5.44719
129001	0.482499	4.3721	0.199798	3.2248	0.488298	5.3218
130001	0.5427	4.7299	0.198199	3.3171	0.502398	5.4544
131001	0.5106	4.5765	0.210598	3.3657	0.496198	5.5177
132001	0.510999	4.3402	0.198498	3.164	0.462297	5.2181
133001	0.5099	4.2589	0.198498	3.173	0.471998	5.2243
134001	0.508999	4.4128	0.198898	3.2714	0.476998	5.3199
135001	0.524501	4.3456	0.199998	3.2379	0.471298	5.2785
136001	0.556499	4.2432	0.196698	3.1721	0.450098	5.249
137001	0.538601	4.3758	0.198298	3.1839	0.467399	5.2448
138001	0.480299	4.3418	0.200498	3.1989	0.455098	5.27551
139001	0.617103	4.3798	0.198698	3.2375	0.472699	5.296
140001	0.479799	4.223	0.197498	3.1613	0.446598	5.2536
141001	0.541202	4.3418	0.199298	3.209	0.470998	5.2738
142001	0.480499	4.2116	0.199698	3.1961	0.446298	5.2814
143001	0.564701	4.6552	0.208298	3.3904	0.502498	5.4864
144001	0.4928	4.2804	0.199298	3.1692	0.441898	5.2477
145001	0.611402	4.2293	0.196898	3.1413	0.453198	5.2335
146001	0.615	5.1206	0.228799	3.7784	0.589899	6.1768
147001	0.631401	4.8256	0.209199	3.5883	0.533699	5.7249
148001	0.530501	4.4229	0.200898	3.2683	0.469298	5.31521
149001	0.5804	4.4842	0.206099	3.3262	0.485098	5.4291
150001	0.555301	4.5031	0.214298	3.3538	0.494999	5.3829
151001	0.484599	4.6929	0.201998	3.3888	0.454298	5.3873
152001	0.591803	4.5528	0.206198	3.3868	0.468199	5.38021
153001	0.476899	4.3583	0.197598	3.285	0.441397	5.3387
154001	0.637301	5.2726	0.234999	3.7335	0.631699	6.3196
155001	0.519499	4.27	0.200998	3.1914	0.452298	5.3526
156001	0.538401	4.4891	0.198998	3.2544	0.482398	5.5251
157001	0.507399	4.4508	0.198299	3.3111	0.458898	5.384
158001	0.522199	4.4536	0.198798	3.315	0.459298	5.3182
159001	0.5094	4.3625	0.199998	3.261	0.457098	5.2921
160001	0.576	4.8734	0.210698	3.5984	0.536399	5.8946
161001	0.5617	4.6411	0.204199	3.536	0.5261	5.509
162001	0.5744	4.2747	0.200098	3.2245	0.456298	5.2677
163001	0.5414	4.4105	0.200399	3.3021	0.482699	5.3383
164001	0.5847	4.3128	0.200998	3.2723	0.466598	5.3264
165001	0.544201	4.4794	0.200398	3.3071	0.485599	5.31631
166001	0.491699	4.464	0.201099	3.3333	0.473599	5.3912
167001	0.547002	4.4463	0.199298	3.2804	0.478399	5.3228
168001	0.471699	4.2124	0.210898	3.1458	0.450398	5.2224
169001	0.577901	4.8284	0.211999	3.4683	0.507399	5.7311
170001	0.527799	4.7934	0.212099	3.477	0.508099	5.7604
171001	0.623802	4.4588	0.199898	3.3297	0.467698	5.4065
172001	0.5422	4.7294	0.214399	3.5109	0.516699	5.6588
173001	0.694301	5.2146	0.226299	3.8484	0.595	6.2099
174001	0.5179	4.4435	0.202798	3.3669	0.489499	5.3483
175001	0.5946	4.4085	0.201698	3.3107	0.485098	5.3571
176001	0.528001	4.4034	0.199498	3.3139	0.482199	5.3607
177001	0.508199	4.4123	0.197999	3.2236	0.462198	5.2888
178001	0.537501	4.4332	0.200299	3.3167	0.484899	5.3405
179001	0.503299	4.4967	0.202098	3.3499	0.483999	5.3783
180001	0.537501	4.3884	0.200798	3.2274	0.467998	5.29649
181001	0.483199	4.3831	0.198298	3.2947	0.457598	5.3014
182001	0.698201	4.9646	0.219399	3.611	0.569499	6.1602
183001	0.637501	5.3968	0.240399	3.9664	0.569699	6.625
184001	0.667903	4.6858	0.204599	3.4717	0.518799	5.6009
185001	0.497099	4.4526	0.201298	3.3615	0.467097	5.3868
186001	0.568601	4.6754	0.205499	3.4559	0.5215	5.5241
187001	0.561999	4.5468	0.208099	3.4312	0.494898	5.49721
188001	0.630702	4.4618	0.202499	3.3463	0.494399	5.3549
189001	0.5063	4.3628	0.199298	3.2894	0.469599	5.3371
190001	0.5266	4.3761	0.202498	3.2061	0.481098	5.2751
191001	0.58	4.407	0.198698	3.2666	0.461598	5.3486
192001	0.6032	4.508	0.200798	3.3315	0.495898	5.359
193001	0.5363	4.5558	0.219199	3.4929	0.492399	5.507
194001	0.569099	4.5235	0.198098	3.2996	0.476698	5.3685
195001	0.5644	4.3257	0.201498	3.2319	0.470499	5.2724
196001	0.484199	4.4201	0.202198	3.2216	0.452598	5.2887
197001	0.605703	4.3666	0.198198	3.2219	0.466299	5.2884
198001	0.481599	4.2797	0.197898	3.2256	0.447298	5.2835
199001	0.533401	4.3386	0.198998	3.159	0.462098	5.2576
200001	0.478199	4.2404	0.201898	3.249	0.447198	5.2841
201001	0.616002	4.4968	0.198998	3.3167	0.470798	5.323
202001	0.489599	4.2859	0.198198	3.2925	0.450098	5.2359
203001	0.5234	4.4341	0.196998	3.2067	0.464998	5.28099
204001	0.5045	4.3537	0.200198	3.2535	0.468198	5.2539
205001	0.592801	4.2511	0.196498	3.2021	0.458798	5.2777
206001	0.5107	4.3339	0.232598	3.2286	0.471898	5.3313
207001	0.626801	4.3851	0.199198	3.225	0.477998	5.3105
208001	0.521101	4.2229	0.197698	3.1788	0.460799	5.2378
209001	0.576799	4.3375	0.198298	3.211	0.458498	5.2239
210001	0.533201	4.2964	0.197698	3.2691	0.474099	5.2557
211001	0.474799	4.4325	0.225798	3.2415	0.475498	5.413
212001	0.613302	4.2933	0.198198	3.1848	0.475599	5.43
213001	0.476299	4.2213	0.198098	3.1635	0.500198	6.0139
214001	0.616203	4.342	0.199198	3.2232	0.472299	5.263
215001	0.494499	4.2222	0.203598	3.1555	0.455598	5.3071
216001	0.609403	4.2329	0.196298	3.1374	0.463898	5.23229
217001	0.476799	4.2338	0.199598	3.1759	0.452598	5.2733
218001	0.608103	4.2755	0.197198	3.2059	0.470998	5.25729
219001	0.485299	4.2615	0.199098	3.2138	0.448498	5.285
220001	0.5208	4.5547	0.198998	3.2705	0.491298	5.356
221001	0.4994	4.2708	0.196798	3.201	0.453598	5.2341
222001	0.504099	4.2711	0.198498	3.1331	0.456998	5.2763
223001	0.5134	4.2431	0.202798	3.1697	0.461598	5.2453
224001	0.5706	4.2673	0.198398	3.1862	0.460098	5.2817
225001	0.595699	4.5274	0.200098	3.3981	0.483099	5.5442
226001	0.563399	4.339	0.197598	3.1935	0.449498	5.3186
227001	0.545002	4.3376	0.196798	3.1668	0.469299	5.2368
228001	0.512099	4.3418	0.201198	3.2721	0.457298	5.2803
229001	0.614303	4.3768	0.202398	3.2431	0.473199	5.2891
230001	0.486999	4.3535	0.199798	3.2531	0.467698	5.323
231001	0.608002	4.2787	0.200098	3.2084	0.457598	5.2759
232001	0.478299	4.3035	0.200298	3.2404	0.447398	5.343
233001	0.595902	4.9251	0.211199	3.6734	0.5735	5.7505
234001	0.497999	4.3894	0.203798	3.3079	0.464698	5.3261
235001	0.596701	4.2879	0.198798	3.1906	0.471898	5.2525
236001	0.501	4.2838	0.197498	3.209	0.460798	5.2483
237001	0.685902	5.163	0.2329	3.7609	0.588201	6.3331
238001	0.5397	4.5463	0.206099	3.3793	0.495999	5.5533
239001	0.510499	4.4922	0.200098	3.2759	0.470898	5.3322
240001	0.526401	4.3575	0.198998	3.2214	0.469598	5.278
241001	0.489099	4.4077	0.198398	3.2774	0.463498	5.3264
242001	0.624201	4.4416	0.202798	3.3394	0.4859	5.3326
243001	0.488599	4.4578	0.199598	3.3686	0.470798	5.35829
244001	0.686202	4.7409	0.212599	3.5476	0.5401	5.664
245001	0.529099	4.7076	0.211199	3.5192	0.557598	5.6038
246001	0.654402	4.666	0.209298	3.4738	0.525899	5.6124
247001	0.494599	4.3868	0.199598	3.2629	0.455298	5.2931
248001	0.636302	4.407	0.200998	3.255	0.482298	5.2877
249001	0.5051	4.3173	0.201098	3.2259	0.465098	5.2562
250001	0.5268	4.5409	0.199298	3.3118	0.474999	5.3383
251001	0.5247	4.4222	0.199598	3.3107	0.471999	5.3876
252001	0.5829	4.3174	0.199598	3.2999	0.495498	5.2606
253001	0.5359	4.4106	0.200198	3.2394	0.466298	5.3585
254001	0.5672	4.351	0.214798	3.2395	0.459998	5.3147
255001	0.526801	4.3353	0.198598	3.2196	0.465799	5.2783
256001	0.5573	4.33839	0.201698	3.2471	0.454098	5.3713
257001	0.620901	4.3539	0.202398	3.2141	0.473899	5.2857
258001	0.476899	4.2805	0.214398	3.1877	0.452698	5.257
259001	0.575903	4.5094	0.198198	3.2097	0.468299	5.2544
260001	0.555901	5.1193	0.2231	3.6756	0.565101	6.1018
261001	0.674904	4.3622	0.198798	3.2586	0.460098	5.3308
262001	0.484299	4.4338	0.198798	3.3788	0.450798	5.3321
263001	0.5296	4.4355	0.202198	3.2741	0.465798	5.3067
264001	0.5113	4.3173	0.198298	3.2979	0.457898	5.3081
265001	0.602001	4.4969	0.202798	3.4245	0.478298	5.4695
266001	0.5157	4.3185	0.198398	3.291	0.476899	5.2832
267001	0.5794	4.2653	0.197298	3.2131	0.486298	5.2856
268001	0.520601	4.2852	0.199698	3.2773	0.477899	5.2647
269001	0.5705	4.2696	0.197498	3.1897	0.458698	5.2434
270001	0.532201	4.4079	0.197098	3.2029	0.477599	5.2613
271001	0.5581	4.2792	0.198298	3.255	0.463298	5.2737
272001	0.534802	4.3521	0.199098	3.2166	0.471799	5.2489
273001	0.503399	4.4682	0.202198	3.3922	0.459498	5.4002
274001	0.625103	4.3783	0.198798	3.2705	0.471699	5.3156
275001	0.479199	4.3204	0.199798	3.2034	0.450198	5.2451
276001	0.537301	4.4399	0.198198	3.2208	0.473898	5.2966
277001	0.498	4.3333	0.196798	3.23591	0.455698	5.2259
278001	0.606201	4.4622	0.198499	3.3218	0.476998	5.3705
279001	0.5148	4.334	0.198598	3.2323	0.464998	5.2911
280001	0.5858	4.3225	0.200498	3.2379	0.468598	5.2984
281001	0.571799	4.7818	0.216799	3.5525	0.5589	5.7164
282001	0.5787	4.3285	0.198098	3.2546	0.454197	5.2772
283001	0.544801	4.4996	0.201799	3.2993	0.478699	5.3253
284001	0.486299	4.3866	0.199398	3.251	0.458898	5.2829
285001	0.561801	4.5693	0.203398	3.3435	0.499099	5.3704
286001	0.502799	4.5513	0.202499	3.428	0.493499	5.4922
287001	0.650202	4.68	0.205199	3.5006	0.5233	5.5615
288001	0.481599	4.3948	0.197398	3.2976	0.465098	5.3106
289001	0.533401	4.3514	0.199498	3.171	0.470299	5.2427
290001	0.491499	4.2524	0.198998	3.168	0.454898	5.2624
291001	0.532201	4.4132	0.202298	3.2253	0.462198	5.2483
292001	0.497899	4.3766	0.200998	3.3105	0.465098	5.3248
293001	0.610202	4.3161	0.200198	3.1833	0.469998	5.2503
294001	0.5065	4.271	0.197798	3.1896	0.459399	5.2334
295001	0.593101	4.3289	0.197398	3.2706	0.475598	5.2695
296001	0.5174	4.3296	0.198398	3.2593	0.474599	5.2863
297001	0.5689	4.3206	0.199798	3.2192	0.470698	5.2611
298001	0.521001	4.2626	0.199698	3.2183	0.473299	5.2567
299001	0.5782	4.4212	0.204898	3.3687	0.487599	5.4088
300001	0.529801	4.2799	0.198398	3.1982	0.471599	5.2419
301001	0.560299	4.367	0.203298	3.3271	0.469398	5.3194
302001	0.615702	4.6201	0.198198	3.3441	0.485198	5.3252
303001	0.472799	4.2445	0.207698	3.1877	0.435597	5.2337
304001	0.542902	4.67	0.209498	3.3331	0.487099	5.4742
305001	0.479399	4.3377	0.198498	3.2182	0.448098	5.3716
306001	0.630402	4.4208	0.200498	3.2437	0.477398	5.3427
307001	0.4969	4.3659	0.197399	3.351	0.447898	5.2652
308001	0.589802	4.3518	0.197698	3.2791	0.465398	5.3451
309001	0.5084	4.3033	0.198098	3.239	0.453798	5.2996
310001	0.616401	4.2737	0.198798	3.198	0.455797	5.2596
311001	0.5451	4.5261	0.201699	3.4173	0.501899	5.43401
312001	0.502399	4.4452	0.199498	3.2787	0.467798	5.3081
313001	0.533201	4.306	0.198598	3.2177	0.476299	5.2871
314001	0.497399	4.3925	0.200998	3.2408	0.463398	5.2891
315001	0.544602	4.4664	0.202298	3.2927	0.482099	5.35
316001	0.481099	4.298	0.199898	3.209	0.444797	5.2679
317001	0.541402	4.3553	0.200198	3.2366	0.466499	5.2843
318001	0.484299	4.276	0.201598	3.2368	0.462799	5.2486
319001	0.544602	4.4561	0.198598	3.2929	0.485199	5.3199
320001	0.487799	4.3475	0.200899	3.2493	0.464198	5.2915
321001	0.632603	4.3548	0.197498	3.3877	0.461698	5.3648
322001	0.546999	4.3443	0.197298	3.2697	0.452498	5.2836
323001	0.619202	4.4634	0.200499	3.3529	0.483799	5.3569
324001	0.5124	4.4469	0.201498	3.3619	0.486099	5.3777
325001	0.566401	4.8592	0.207998	3.5354	0.519398	5.6485
326001	0.601599	4.9959	0.219999	3.7472	0.562799	5.9607
327001	0.511799	4.4443	0.201498	3.3178	0.464598	5.35541
328001	0.516001	4.3011	0.199798	3.2093	0.460398	5.2784
329001	0.5708	4.4471	0.206098	3.3222	0.486198	5.3335
330001	0.540101	4.3669	0.203098	3.2655	0.467499	5.2817
331001	0.485899	4.4974	0.231498	3.3029	0.460798	5.3074
332001	0.611802	4.4158	0.198498	3.3786	0.476899	5.3379
333001	0.479499	4.2894	0.198198	3.2267	0.440497	5.2556
334001	0.537802	4.3801	0.199598	3.2011	0.467199	5.2851
335001	0.474699	4.2726	0.199198	3.2127	0.446898	5.2526
336001	0.534501	4.3448	0.198298	3.1597	0.467698	5.2693
337001	0.484999	4.2588	0.198498	3.164	0.450198	5.23019
338001	0.543801	4.4494	0.200998	3.2223	0.478999	5.3185
339001	0.491799	4.339	0.197999	3.2205	0.457798	5.26349
340001	0.518899	4.4313	0.199098	3.2453	0.469598	5.2687
341001	0.568199	4.4396	0.199498	3.3009	0.476199	5.2734
342001	0.5762	4.4006	0.199398	3.2676	0.456998	5.2518
343001	0.5468	4.4273	0.199898	3.2737	0.477299	5.2696
344001	0.483599	4.3085	0.197398	3.1519	0.457098	5.2568
345001	0.536202	4.3734	0.201798	3.1889	0.471399	5.2618
346001	0.473399	4.2222	0.197998	3.138	0.448498	5.2336
347001	0.601303	4.2966	0.197398	3.1435	0.467299	5.2831
348001	0.531199	4.6498	0.198998	3.519	0.487798	5.5197
349001	0.598702	4.3915	0.197998	3.2338	0.475299	5.2988
350001	0.504799	4.6044	0.204898	3.3841	0.478298	5.4182
351001	0.610101	4.3397	0.198398	3.3081	0.467198	5.2962
352001	0.5124	4.3687	0.203198	3.2496	0.463598	5.2891
353001	0.5996	4.4237	0.198598	3.3274	0.476898	5.3177
354001	0.519401	4.379	0.198398	3.2371	0.468799	5.2787
355001	0.491499	4.4465	0.197498	3.2534	0.472598	5.2674
356001	0.538501	4.38	0.199898	3.2584	0.475199	5.3212
357001	0.5807	4.4439	0.206898	3.3456	0.478298	5.4165
358001	0.568202	4.3569	0.197798	3.1943	0.474799	5.2708
359001	0.483199	4.3464	0.199498	3.2951	0.462698	5.2894
360001	0.624303	4.3418	0.197198	3.2518	0.473699	5.2833
361001	0.484699	4.3936	0.212398	3.2896	0.455898	5.2858
362001	0.531901	4.4039	0.201098	3.2075	0.460998	5.26619
363001	0.485899	4.2365	0.197598	3.1379	0.442197	5.20721
364001	0.5187	4.3408	0.197998	3.1715	0.463898	5.2225
365001	0.5016	4.2564	0.198298	3.1559	0.451398	5.2236
366001	0.505599	4.2986	0.198498	3.1166	0.454098	5.2444
367001	0.5463	4.2913	0.199598	3.185	0.467199	5.2473
368001	0.503999	4.4059	0.201698	3.2636	0.473298	5.3061
369001	0.526801	4.304	0.201498	3.1989	0.471899	5.2796
370001	0.5746	4.9852	0.215199	3.6436	0.5614	5.96279
371001	0.6229	5.034	0.210098	3.636	0.5689	5.8098
372001	0.491199	4.3146	0.202298	3.2243	0.462998	5.2847
373001	0.541802	4.3244	0.197598	3.1615	0.470299	5.2685
374001	0.476099	4.3392	0.200599	3.229	0.454898	5.2515
375001	0.630002	4.4244	0.200298	3.302	0.494199	5.3716
376001	0.480599	4.2431	0.198398	3.2121	0.446498	5.231
377001	0.531601	4.399	0.197798	3.1969	0.469199	5.2631
378001	0.483999	4.1868	0.196498	3.1591	0.445398	5.2255
379001	0.615001	4.3251	0.198298	3.2397	0.478698	5.267
380001	0.4989	4.34601	0.198798	3.2634	0.466698	5.2626
381001	0.598001	4.3628	0.199098	3.2576	0.457998	5.3373
382001	0.5146	4.3875	0.200298	3.3391	0.458498	5.3152
383001	0.512699	4.4255	0.197498	3.2331	0.455197	5.2699
384001	0.523301	4.2765	0.197998	3.2177	0.456198	5.2721
385001	0.501798	4.3916	0.200598	3.2219	0.459897	5.2793
386001	0.530001	4.3713	0.199398	3.2234	0.467899	5.2608
387001	0.5947	4.3242	0.199598	3.2208	0.463998	5.29259
388001	0.535201	4.2727	0.197998	3.2142	0.474299	5.28389
389001	0.562599	4.2941	0.198798	3.2432	0.452198	5.3036
390001	0.541502	4.4627	0.199998	3.2762	0.477799	5.3332
391001	0.482499	4.4039	0.198798	3.2903	0.457298	5.2888
392001	0.649603	4.3955	0.199598	3.2623	0.476999	5.3017
393001	0.486199	4.3982	0.198898	3.2714	0.464498	5.2857
394001	0.616601	4.4775	0.201098	3.3215	0.496599	5.3793
395001	0.500199	4.4144	0.200399	3.372	0.468898	5.3586
396001	0.637702	4.5433	0.205399	3.372	0.500998	5.4518
397001	0.5263	4.4573	0.202398	3.3425	0.485798	5.4098
398001	0.505599	4.3623	0.199198	3.2031	0.459398	5.2838
399001	0.5199	4.348	0.199098	3.2672	0.468699	5.2659
400001	0.584	4.2462	0.198198	3.1789	0.452397	5.2501
401001	0.532301	4.3269	0.199698	3.228	0.466699	5.2952
402001	0.593199	4.3119	0.199998	3.2462	0.489498	5.2927
403001	0.624201	4.42781	0.200098	3.3431	0.493099	5.3787
404001	0.471999	4.329	0.199898	3.2256	0.449198	5.3281
405001	0.609503	4.2883	0.196298	3.1885	0.453698	5.2333
406001	0.473799	4.2271	0.198698	3.1835	0.438398	5.2517
407001	0.619103	4.3504	0.198798	3.2622	0.465298	5.2762
408001	0.478799	4.2582	0.198798	3.147	0.433797	5.1923
409001	0.619403	4.2485	0.201198	3.1958	0.463498	5.2753
410001	0.5115	4.4556	0.203799	3.3168	0.475798	5.351
411001	0.699602	6.0007	0.2538	4.1668	0.680206	7.0945
412001	0.5212	4.3669	0.202298	3.2826	0.468598	5.3365
413001	0.5921	4.3843	0.198699	3.2781	0.461597	5.3482
414001	0.693198	5.8013	0.246601	4.1632	0.638501	6.8988
415001	0.526299	4.6316	0.205598	3.417	0.499798	5.5054
416001	0.541201	4.4207	0.202098	3.3357	0.491699	5.3536
417001	0.572399	4.3459	0.199198	3.2344	0.456198	5.2813
418001	0.532402	4.3891	0.199698	3.2108	0.466299	5.2571
419001	0.485899	4.3507	0.198498	3.2569	0.456798	5.3169
420001	0.636003	4.4645	0.198999	3.2944	0.484899	5.3683
421001	0.495699	4.4208	0.199798	3.3294	0.460897	5.3464
422001	0.571701	4.7716	0.206199	3.4663	0.497598	5.5576
423001	0.480099	4.2762	0.199698	3.2253	0.434297	5.2793
424001	0.5289	4.4615	0.198298	3.2556	0.459598	5.3278
425001	0.5071	4.3252	0.201398	3.248	0.453398	5.3022
426001	0.595501	4.4105	0.200898	3.2891	0.463698	5.3126
427001	0.5146	4.3542	0.198098	3.2341	0.452998	5.2388
428001	0.501199	4.3422	0.198498	3.2237	0.447697	5.2531
429001	0.519701	4.2715	0.199298	3.2112	0.456898	5.2451
430001	0.504899	4.4492	0.197099	3.2896	0.461497	5.3598
431001	0.532301	4.4017	0.202498	3.2741	0.480699	5.3129
432001	0.5923	4.459	0.203498	3.3522	0.476198	5.33961
433001	0.608602	4.2872	0.198298	3.2089	0.469299	5.2619
434001	0.474899	4.1901	0.200098	3.1797	0.443598	5.2347
435001	0.616903	4.3052	0.200398	3.2021	0.467299	5.2734
436001	0.477299	4.2356	0.197898	3.1805	0.453498	5.2336
437001	0.535401	4.354	0.198998	3.1974	0.471099	5.259
438001	0.484099	4.3062	0.199798	3.213	0.450098	5.2749
439001	0.536401	4.4555	0.199598	3.2652	0.483098	5.2998
440001	0.5127	4.4837	0.201998	3.3498	0.470598	5.3994
441001	0.524799	4.4905	0.199698	3.3071	0.468598	5.3046
442001	0.5229	4.37749	0.198898	3.3204	0.470499	5.3173
443001	0.509799	4.5377	0.199099	3.2824	0.470598	5.3355
444001	0.5809	4.82871	0.208199	3.6103	0.535099	5.6979
445001	0.5787	4.5112	0.205698	3.3871	0.489498	5.4278
446001	0.540501	4.3115	0.198498	3.2437	0.472199	5.2622
447001	0.486999	4.4826	0.200498	3.3258	0.465998	5.3289
448001	0.644603	4.5844	0.200998	3.4052	0.506599	5.42261
449001	0.514799	4.5905	0.209099	3.4416	0.487798	5.6
450001	0.539801	4.4162	0.199498	3.1921	0.471599	5.273
451001	0.484399	4.4303	0.199698	3.2936	0.456098	5.4533
452001	0.627003	4.4489	0.201098	3.3245	0.473698	5.3543
453001	0.492499	4.4562	0.199699	3.3079	0.461698	5.3666
454001	0.566901	4.8769	0.208199	3.5727	0.524199	5.6638
455001	0.5327	4.5735	0.203699	3.4759	0.485199	5.4709
456001	0.5349	4.546	0.198898	3.3158	0.487598	5.3791
457001	0.5161	4.3478	0.198198	3.2435	0.461998	5.2746
458001	0.5906	4.3563	0.202199	3.2353	0.461598	5.311
459001	0.553	4.5453	0.203098	3.4065	0.508899	5.4321
460001	0.6048	4.6173	0.207199	3.4745	0.515799	5.5218
461001	0.5966	4.9006	0.214598	3.9221	0.549699	5.9012
462001	0.7151	5.6549	0.246501	4.0935	0.679699	6.8414
463001	0.699802	4.6588	0.204699	3.3836	0.498399	5.5403
464001	0.484799	4.3989	0.203098	3.2978	0.470298	5.3541
465001	0.680901	4.6451	0.208999	3.4337	0.5234	5.5942
466001	0.5109	4.604	0.204198	3.4474	0.501699	5.5251
467001	0.628003	4.4423	0.202698	3.3055	0.487999	5.3694
468001	0.4947	4.3724	0.198598	3.2727	0.464698	5.3007
469001	0.684903	5.0568	0.221098	3.7066	0.562501	5.9696
470001	0.5128	4.4708	0.199998	3.3035	0.479098	5.315
471001	0.651001	4.3774	0.198598	3.2683	0.468698	5.42289
472001	0.527	4.5412	0.201798	3.3939	0.483099	5.4051
473001	0.5934	4.384	0.200298	3.2682	0.463098	5.3469
474001	0.540601	4.3341	0.199798	3.2221	0.480999	5.3157
475001	0.5461	4.7624	0.206298	3.5023	0.503098	5.5647
476001	0.643103	4.68891	0.207199	3.4874	0.5132	5.4857
477001	0.476299	4.2935	0.199598	3.2102	0.440197	5.2812
478001	0.614204	4.3422	0.198398	3.1802	0.475698	5.2876
479001	0.484799	4.3022	0.199798	3.1808	0.446798	5.2571
480001	0.548301	4.556	0.202098	3.3091	0.481198	5.3578
481001	0.5037	4.5625	0.199799	3.4501	0.480998	5.544
482001	0.653802	4.4654	0.200198	3.3207	0.467097	5.3392
483001	0.583699	14.632	0.227599	3.6523	0.532998	5.9177
484001	0.728902	6.5712	0.272601	4.6282	0.660402	7.6783
485001	0.660699	5.658	0.240499	4.1374	0.599901	6.6858
486001	0.6137	4.6767	0.205999	3.5598	0.515599	5.5269
487001	0.546001	4.5014	0.203698	3.3839	0.5006	5.3874
488001	0.505999	4.6438	0.202999	3.4198	0.523099	5.4387
489001	0.631902	4.4226	0.201498	3.2773	0.493399	5.3544
490001	0.482699	4.3805	0.200598	3.2843	0.463698	5.3054
491001	0.591602	4.7662	0.209599	3.4906	0.528899	5.6391
492001	0.496699	4.4332	0.202899	3.3126	0.472798	5.3735
493001	0.564502	4.6652	0.202399	3.4675	0.5227	5.429
494001	0.490099	4.3943	0.203098	3.3347	0.469798	5.3304
495001	0.639303	4.2533	0.197898	3.1654	0.472798	5.2404
496001	0.513299	4.2874	0.199698	3.2066	0.458698	5.2698
497001	0.5342	4.3679	0.202298	3.2087	0.480298	5.2739
498001	0.521299	4.3071	0.198498	3.2146	0.459998	5.268
499001	0.602401	4.207	0.197898	3.1575	0.464498	5.2301
500001	0.5067	4.2043	0.199298	3.1531	0.459198	5.2127
501001	0.747701	6.3028	0.269701	4.5396	0.746502	7.8057
502001	0.542401	4.5588	0.202099	3.3631	0.504799	5.427
503001	0.6242	4.3531	0.199499	3.248	0.478399	5.2984
504001	0.637498	4.6996	0.209599	3.5093	0.543499	5.6239
505001	0.564	4.3743	0.200098	3.261	0.464398	5.2874
506001	0.547602	4.4138	0.199998	3.223	0.481799	5.3177
507001	0.482299	4.3033	0.199198	3.2131	0.451098	5.2765
508001	0.546402	4.4395	0.198298	3.2479	0.484699	5.2752
509001	0.488699	4.3495	0.201298	3.2678	0.476398	5.3474
510001	0.621402	4.3672	0.198498	3.2466	0.480698	5.2964
511001	0.494299	4.2635	0.198598	3.2714	0.456998	5.3013
512001	0.603401	4.4585	0.200199	3.272	0.472098	5.3409
513001	0.5056	4.32	0.202598	3.2062	0.451798	5.2747
514001	0.5273	4.4109	0.198199	3.2381	0.466798	5.3189
515001	0.512301	4.2639	0.197398	3.1627	0.458398	5.2587
516001	0.528699	4.5204	0.203599	3.311	0.486698	5.3899
517001	0.5439	4.5229	0.204999	3.4289	0.499299	5.4378
518001	0.608101	4.6285	0.205998	3.4576	0.501598	5.5189
519001	0.534401	4.3132	0.199498	3.2183	0.471699	5.2626
520001	0.5857	4.4277	0.201599	3.3276	0.476198	5.3793
521001	0.694898	5.0809	0.219799	3.6784	0.5651	6.0256
522001	0.474699	4.2281	0.198698	3.2291	0.446298	5.31079
523001	0.547202	4.4743	0.202098	3.2814	0.485699	5.3946
524001	0.481499	4.2458	0.199698	3.1697	0.447798	5.3606
525001	0.549201	4.5282	0.241999	3.3445	0.489199	5.3683
526001	0.5528	5.026	0.216899	3.6918	0.542899	6.03019
527001	0.607101	5.067	0.217299	3.6791	0.5646	5.871
528001	0.504699	4.3772	0.199698	3.2993	0.471598	5.3248
529001	0.615102	4.3773	0.198898	3.282	0.482498	5.3311
530001	0.5025	4.2863	0.200298	3.2391	0.463598	5.2811
531001	0.586001	4.2545	0.200298	3.1826	0.461198	5.2673
532001	0.5308	4.4448	0.215098	3.3581	0.487799	5.3884
533001	0.586501	4.4354	0.200799	3.2807	0.475998	5.3777
534001	0.5372	4.3604	0.200298	3.2587	0.475899	5.3507
535001	0.651301	5.742	0.2443	4.0939	0.655802	6.656
536001	0.556601	4.5847	0.201799	3.4156	0.5097	5.4517
537001	0.484199	4.3172	0.198498	3.1876	0.452298	5.2117
538001	0.628903	4.3944	0.201399	3.2713	0.483699	5.3143
539001	0.482899	4.3373	0.200998	3.3027	0.471198	5.3376
540001	0.616102	4.43	0.199699	3.2914	0.481299	5.3201
541001	0.481199	4.3816	0.201398	3.3452	0.500498	5.38879
542001	0.612502	4.3505	0.198198	3.2349	0.469198	5.4285
543001	0.500399	4.3031	0.199698	3.2652	0.455098	5.4136
544001	0.604401	4.3382	0.200098	3.2239	0.465098	5.3004
545001	0.5109	4.3359	0.199798	3.2137	0.462498	5.2918
546001	0.522699	4.6228	0.209798	3.4101	0.500698	5.5341
547001	0.551	4.6434	0.204698	3.4678	0.497999	5.5024
548001	0.503298	4.4597	0.198898	3.2773	0.457397	5.3337
549001	0.5531	4.4882	0.201598	3.3454	0.487098	5.3915
550001	0.546199	4.2271	0.198498	3.1612	0.435297	5.2154
551001	0.546502	4.4308	0.200498	3.2721	0.475599	5.3448
552001	0.480399	4.4648	0.199998	3.4163	0.467298	5.3053
553001	0.621003	4.2072	0.197298	3.1644	0.470099	5.2389
554001	0.478099	4.2893	0.199298	3.1873	0.457598	5.2378
555001	0.574602	4.5378	0.198398	3.3518	0.497299	5.4024
556001	0.496799	4.258	0.197798	3.2226	0.472498	5.2984
557001	0.608301	4.3234	0.200198	3.2183	0.479098	5.3285
558001	0.5007	4.3063	0.199298	3.232	0.468498	5.2995
559001	0.622201	4.4107	0.203199	3.3438	0.492198	5.3904
560001	0.5167	4.388	0.202599	3.3301	0.477599	5.3394
561001	0.5609	4.7818	0.209099	3.5355	0.5507	5.5826
562001	0.5156	4.2987	0.197398	3.223	0.470499	5.2773
563001	0.514799	4.5568	0.198098	3.3504	0.481798	5.3603
564001	0.5327	4.4029	0.200398	3.3267	0.484199	5.3318
565001	0.511999	4.2515	0.198598	3.124	0.446598	5.2142
566001	0.526202	4.278	0.196798	3.1013	0.460199	5.2022
567001	0.484199	4.3158	0.202398	3.2318	0.460198	5.3065
568001	0.6386	5.142	0.2227	3.638	0.594702	6.1113
569001	0.511099	4.4334	0.204098	3.3136	0.481398	5.4221
570001	0.650102	4.6677	0.206298	3.4609	0.510699	5.5277
571001	0.5431	4.9686	0.216599	3.7678	0.539999	5.7052
572001	0.738902	6.287	0.2622	4.3784	0.722203	7.2854
573001	0.709899	6.17981	0.272602	4.3944	0.669201	7.3847
574001	0.511299	4.4333	0.199698	3.2482	0.465598	5.3051
575001	0.5677	4.6513	0.211799	3.4804	0.5368	5.6521
576001	0.513699	4.5953	0.206898	3.3966	0.494999	5.43
577001	0.5435	4.4998	0.202898	3.3611	0.492199	5.388
578001	0.508599	4.6163	0.203699	3.3964	0.491699	5.437
579001	0.539002	4.3605	0.198898	3.2096	0.466398	5.257
580001	0.481299	4.3249	0.198099	3.2569	0.462398	5.2818
581001	0.537401	4.3988	0.196898	3.2329	0.502399	5.4193
582001	0.481899	4.61301	0.202398	3.3336	0.459998	5.3868
583001	0.712801	5.1052	0.225199	3.7902	0.5619	6.1423
584001	0.7715	6.907	0.2886	4.8364	0.745601	8.16339
585001	0.787802	5.7599	0.2516	4.1486	0.653105	6.9701
586001	0.5351	4.4724	0.200999	3.3322	0.480498	5.3813
587001	0.6903	5.2385	0.2282	3.8212	0.5649	6.2541
588001	0.565099	4.7584	0.214298	3.5081	0.511198	5.8181
589001	0.6017	4.426	0.199498	3.2842	0.470098	5.3676
590001	0.528801	4.372	0.197499	3.2816	0.473699	5.2722
591001	0.511399	4.6015	0.202398	3.376	0.485798	5.4008
592001	0.5871	4.8434	0.211799	3.5937	0.5336	5.6583
593001	0.5879	4.6269	0.205298	3.5007	0.509599	5.4994
594001	0.563002	4.6721	0.203298	3.4403	0.503999	5.4434
595001	0.493399	4.4687	0.201598	3.4258	0.470898	5.3997
596001	0.544102	4.3968	0.199398	3.2309	0.485798	5.3012
597001	0.494699	4.3137	0.198198	3.1812	0.439497	5.2321
598001	0.546801	4.5404	0.201098	3.3099	0.471098	5.3899
599001	0.545099	4.5064	0.203698	3.4011	0.471798	5.42721
600001	0.654101	4.7813	0.208998	3.5827	0.5359	5.6578
601001	0.5466	4.5515	0.204099	3.4381	0.503799	5.4526
602001	0.653901	4.761	0.208499	3.5954	0.546	5.6208
603001	0.5149	4.405	0.199298	3.3106	0.474299	5.31339
604001	0.5797	4.2122	0.200298	3.1794	0.462098	5.2907
605001	0.533301	4.3406	0.199098	3.2711	0.478099	5.3156
606001	0.5757	4.4056	0.200098	3.2353	0.469498	5.29679
607001	0.672097	5.2991	0.2342	3.903	0.626401	6.4872
608001	0.483699	4.2821	0.199198	3.2854	0.441997	5.3478
609001	0.604602	4.2723	0.199198	3.1542	0.460399	5.2658
610001	0.475899	4.2646	0.199198	3.1503	0.445998	5.2618
611001	0.562602	4.468	0.213998	3.1998	0.466399	5.2666
612001	0.474099	4.2831	0.197498	3.2012	0.440197	5.25991
613001	0.545701	4.5342	0.199398	3.2642	0.483198	5.4315
614001	0.496699	4.4217	0.200698	3.3073	0.451797	5.3608
615001	0.622202	4.3387	0.198698	3.2219	0.482197	5.2476
616001	0.4919	4.2542	0.197098	3.1529	0.442798	5.2679
617001	0.515799	4.3193	0.199498	3.2398	0.456398	5.2526
618001	0.5033	4.2644	0.214398	3.1303	0.448198	5.1983
619001	0.502299	4.2713	0.198698	3.135	0.450697	5.2714
620001	0.516301	4.291	0.200698	3.1729	0.453698	5.3761
621001	0.509599	4.3531	0.198698	3.1938	0.439897	5.3007
622001	0.533101	4.2933	0.198498	3.1617	0.449298	5.3498
623001	0.490299	4.4539	0.198498	3.2033	0.443997	5.3056
624001	0.615703	4.3694	0.198598	3.2876	0.482999	5.26261
625001	0.473699	4.212	0.197598	3.1733	0.464597	5.2253
626001	0.536402	4.3194	0.200098	3.1611	0.451498	5.2595
627001	0.476799	4.2292	0.198698	3.1916	0.432397	5.2564
628001	0.601602	4.2881	0.198498	3.177	0.455198	5.2544
629001	0.491599	4.3362	0.200098	3.2556	0.448598	5.26399
630001	0.5284	4.3846	0.200199	3.2332	0.454098	5.2677
631001	0.5069	4.5905	0.199898	3.2864	0.453998	5.2527
632001	0.588301	4.4913	0.199498	3.2578	0.459097	5.3744
633001	0.591399	4.4132	0.200199	3.4	0.487099	5.3075
634001	0.525499	4.6011	0.203599	3.3983	0.492198	5.4926
635001	0.521701	4.2085	0.196998	3.1574	0.459298	5.2384
636001	0.485799	4.2843	0.196998	3.1276	0.450198	5.2354
637001	0.540001	4.2736	0.195498	3.2069	0.465299	5.267
638001	0.480099	4.3704	0.200998	3.2286	0.452298	5.2748
639001	0.567602	4.5746	0.203298	3.3143	0.490999	5.3945
640001	0.479899	4.2903	0.197998	3.2119	0.450398	5.2893
641001	0.540602	4.4545	0.201898	3.2553	0.465799	5.35609
642001	0.476699	4.4078	0.199198	3.2271	0.455298	5.2828
643001	0.607002	4.3404	0.200098	3.2116	0.461398	5.3397
644001	0.495499	4.3777	0.199898	3.2261	0.463698	5.3704
645001	0.513999	4.3753	0.197898	3.2177	0.462598	5.259
646001	0.5053	4.3082	0.236698	3.2909	0.460798	5.2645
647001	0.522899	4.3977	0.199398	3.2105	0.461698	5.2827
648001	0.524	4.3067	0.198598	3.2305	0.461799	5.2768
649001	0.5898	4.3869	0.199698	3.2738	0.473098	5.3218
650001	0.5316	4.3502	0.201198	3.2645	0.472299	5.2893
651001	0.494199	4.6041	0.200998	3.2698	0.456398	5.2798
652001	0.540901	4.5279	0.202698	3.3616	0.477499	5.338
653001	0.478799	4.3295	0.202498	3.2592	0.451798	5.2893
654001	0.609303	4.3583	0.199398	3.2331	0.468499	5.2365
655001	0.503699	4.347	0.199099	3.2377	0.462398	5.3442
656001	0.629103	4.3076	0.199098	3.2588	0.480199	5.3528
657001	0.475999	4.251	0.197598	3.2288	0.453198	5.247
658001	0.5302	4.3472	0.198498	3.1555	0.464098	5.2609
659001	0.492199	4.3558	0.199498	3.22	0.498398	5.3202
660001	0.5339	4.851	0.201498	3.3006	0.471298	6.11421
661001	0.5051	4.5514	0.198398	3.2808	0.453098	5.3324
662001	0.514199	4.5554	0.199598	3.3043	0.462798	5.3574
663001	0.519401	4.2703	0.198998	3.2673	0.455998	5.2481
664001	0.498999	4.3489	0.199598	3.18	0.455597	5.2572
665001	0.524201	4.2388	0.197898	3.1743	0.460099	5.2597
666001	0.485999	4.3971	0.219099	3.2209	0.457698	5.2776
667001	0.536301	4.3752	0.198898	3.1954	0.466599	5.2661
668001	0.493999	4.2654	0.197798	3.2455	0.501298	5.2528
669001	0.541302	4.4943	0.206099	3.2465	0.476099	5.2888
670001	0.489699	4.357	0.200498	3.2952	0.463398	5.3309
671001	0.566502	4.4777	0.203698	3.3062	0.477898	5.5567
672001	0.475499	4.3236	0.197898	3.2161	0.445398	5.2692
673001	0.538201	4.3674	0.198498	3.2256	0.468298	5.2824
674001	0.492899	4.2988	0.198698	3.2259	0.454698	5.30459
675001	0.608302	4.309	0.199498	3.239	0.470898	5.296
676001	0.5028	4.2759	0.197698	3.1765	0.459698	5.27289
677001	0.509499	4.3321	0.197098	3.1453	0.462798	5.2257
678001	0.5133	4.2486	0.198298	3.1725	0.461599	5.2279
679001	0.5721	4.2618	0.199098	3.1749	0.458098	5.295
680001	0.517101	4.3082	0.201498	3.1906	0.464799	5.2324
681001	0.574699	4.3275	0.199698	3.2437	0.449797	5.3281
682001	0.548601	4.3765	0.200298	3.2352	0.482899	5.3362
683001	0.556899	4.2388	0.198998	3.1787	0.446198	5.2546
684001	0.607102	4.2199	0.198998	3.1249	0.466999	5.2101
685001	0.498599	4.5198	0.204998	3.3862	0.482297	5.5144
686001	0.617803	4.3784	0.199198	3.2397	0.474999	5.3039
687001	0.481299	4.3222	0.198598	3.2266	0.455898	5.2562
688001	0.615603	4.3153	0.199798	3.2233	0.475999	5.2629
689001	0.479999	4.2666	0.197098	3.2308	0.454998	5.2783
690001	0.609201	4.3164	0.198098	3.2171	0.473998	5.2788
691001	0.491799	4.4733	0.198398	3.2764	0.452498	5.3564
692001	0.599901	4.3889	0.197998	3.2416	0.463198	5.3109
693001	0.4999	4.3528	0.199898	3.1994	0.457398	5.2283
694001	0.507199	4.3727	0.198098	3.1922	0.457998	5.2489
695001	0.519101	4.2528	0.198798	3.1712	0.488499	5.2279
696001	0.529199	4.3617	0.233998	3.1819	0.458498	5.267
697001	0.531201	4.3963	0.213698	3.3299	0.474799	5.36351
698001	0.480499	4.3861	0.198798	3.2182	0.449698	5.2981
699001	0.612003	4.3051	0.199098	3.2108	0.466499	5.2375
700001	0.480499	4.3428	0.198498	3.2064	0.448798	5.3394
701001	0.546001	4.486	0.201098	3.2968	0.474299	5.3687
702001	0.499599	4.4367	0.202999	3.4286	0.475098	5.4641
703001	0.5346	4.4846	0.198198	3.2329	0.466698	5.2616
704001	0.5055	4.2785	0.199098	3.2084	0.454798	5.2409
705001	0.5319	4.4375	0.198698	3.255	0.462198	5.2942
706001	0.5204	4.3382	0.200498	3.2667	0.469498	5.29229
707001	0.5859	4.3045	0.198498	3.2281	0.464898	5.2867
708001	0.520701	4.2857	0.199998	3.2004	0.464198	5.22909
709001	0.496199	4.3501	0.198698	3.2103	0.464598	5.2582
710001	0.537001	4.284	0.198398	3.213	0.473799	5.268
711001	0.566	4.3269	0.198498	3.2798	0.453198	5.3489
712001	0.543402	4.4311	0.200398	3.235	0.466699	5.4189
713001	0.479399	4.2949	0.200098	3.2391	0.453098	5.2516
714001	0.527201	4.3688	0.198399	3.2075	0.460799	5.2552
715001	0.477399	4.3612	0.200198	3.2222	0.459098	5.2537
716001	0.546001	4.4993	0.200698	3.295	0.480499	5.3597
717001	0.477499	4.3187	0.197998	3.2267	0.452098	5.3188
718001	0.537501	4.3383	0.197898	3.1883	0.464998	5.2741
719001	0.491299	4.2869	0.197298	3.2279	0.449298	5.3243
720001	0.605501	4.4364	0.201598	3.289	0.475298	5.4131
721001	0.5102	4.3218	0.199798	3.2337	0.455698	5.34
722001	0.6069	4.3967	0.197998	3.2991	0.502498	5.3058
723001	0.524801	4.366	0.199898	3.2807	0.464799	5.2974
724001	0.6137	4.354	0.200798	3.2525	0.459598	5.2906
725001	0.535101	4.4502	0.199898	3.2742	0.474699	5.3751
726001	0.479799	4.3874	0.200498	3.2242	0.452398	5.285
727001	0.549902	4.4422	0.201699	3.2331	0.485299	5.3135
728001	0.476499	4.367	0.196798	3.2376	0.453198	5.3076
729001	0.526101	4.3738	0.217698	3.1895	0.466999	5.2831
730001	0.485299	4.3168	0.199399	3.2515	0.454898	5.3182
731001	0.626803	4.4986	0.198698	3.3696	0.486799	5.3615
732001	0.490699	4.5627	0.197798	3.2948	0.463498	5.4448
733001	0.622002	4.4054	0.198498	3.2436	0.471598	5.3736
734001	0.4957	4.3589	0.199098	3.204	0.454798	5.2712
735001	0.522499	4.5823	0.198898	3.258	0.468098	5.4062
736001	0.548	4.2955	0.201698	3.2189	0.460899	5.2544
737001	0.6045	4.4186	0.199698	3.2515	0.464898	5.3195
738001	0.530201	4.3499	0.197998	3.2172	0.469099	5.2971
739001	0.491499	4.3869	0.198798	3.2297	0.453498	5.2516
740001	0.640001	4.6163	0.208098	3.3223	0.497799	5.427
741001	0.482999	4.3328	0.202298	3.2869	0.468598	5.3292
742001	0.626203	4.4551	0.200599	3.2998	0.481499	5.333
743001	0.5301	4.8796	0.212799	3.5556	0.510299	5.7997
744001	0.599103	4.2754	0.199898	3.2157	0.462398	5.3025
745001	0.485899	4.2691	0.199898	3.2187	0.444998	5.2497
746001	0.622202	4.3905	0.198698	3.2632	0.472098	5.3416
747001	0.5082	4.4173	0.199898	3.3233	0.474098	5.3403
748001	0.5183	4.3698	0.197698	3.2175	0.501398	5.2858
749001	0.5131	4.2667	0.198598	3.1949	0.460598	5.2449
750001	0.586201	4.2504	0.198298	3.24	0.463898	5.3139
751001	0.5246	4.3905	0.198798	3.287	0.477599	5.3003
752001	0.502099	4.4008	0.199198	3.206	0.459498	5.3003
753001	0.515701	4.2367	0.201199	3.1381	0.464899	5.2798
754001	0.490599	4.2761	0.198398	3.1304	0.455498	5.2226
755001	0.525101	4.266	0.197998	3.138	0.464599	5.2209
756001	0.479599	4.2806	0.196798	3.1285	0.453898	5.2269
757001	0.525802	4.2405	0.199398	3.0943	0.467299	5.2124
758001	0.475899	4.1675	0.197298	3.0683	0.443398	5.1775
759001	0.527501	4.2586	0.197798	3.0771	0.466699	5.2148
760001	0.478199	4.1995	0.197198	3.1188	0.440998	5.2126
761001	0.621302	4.3714	0.200398	3.2186	0.469498	5.3174
762001	0.485199	4.2485	0.200398	3.202	0.448798	5.2644
763001	0.5384	4.2713	0.199498	3.1256	0.459898	5.2641
764001	0.4979	4.3042	0.198198	3.1803	0.452798	5.2491
765001	0.522599	4.4024	0.200398	3.2594	0.471998	5.2987
766001	0.5222	4.3752	0.200098	3.2695	0.479698	5.321
767001	0.6124	4.446	0.204399	3.2948	0.484998	5.3955
768001	0.5439	4.552	0.206399	3.3485	0.505499	5.49019
769001	0.634501	4.2215	0.196398	3.1474	0.452698	5.2061
770001	0.539501	4.3332	0.199699	3.2343	0.481499	5.3037
771001	0.566799	4.3476	0.200598	3.2645	0.460498	5.3173
772001	0.540002	4.3978	0.200398	3.1908	0.480499	5.2969
773001	0.472199	4.1421	0.197798	3.1326	0.455698	5.2127
774001	0.532102	4.3411	0.199998	3.1071	0.470899	5.2238
775001	0.471099	4.1238	0.197198	3.0947	0.457698	5.1966
776001	0.616003	4.3754	0.199799	3.1644	0.484099	5.3298
777001	0.474599	4.1845	0.198198	3.1616	0.449498	5.218
778001	0.594903	4.1573	0.197898	3.066	0.461698	5.1941
779001	0.474299	4.133	0.198598	3.0562	0.439698	5.1633
780001	0.5143	4.214	0.195698	3.0634	0.455798	5.1654
781001	0.4936	4.2074	0.198498	3.1838	0.438897	5.2848
782001	0.509199	4.3489	0.198098	3.1287	0.487797	5.2816
783001	0.5002	4.1393	0.198098	3.0763	0.442398	5.1836
784001	0.5751	4.12541	0.197898	3.0587	0.438497	5.196
785001	0.5512	4.1327	0.195598	3.0466	0.448498	5.1706
786001	0.470399	4.1498	0.196698	3.0364	0.432597	5.1799
787001	0.520701	4.201	0.197098	3.0381	0.451298	5.1975
788001	0.485499	4.1518	0.199698	3.0627	0.434097	5.2388
789001	0.601504	4.2688	0.196898	3.1333	0.458499	5.1849
790001	0.508099	4.1077	0.198698	3.095	0.433197	5.2535
791001	0.559002	4.3548	0.197698	3.1249	0.463898	5.3133
792001	0.480899	4.1912	0.196898	3.1345	0.455298	5.2343
793001	0.5393	4.28	0.197498	3.0959	0.455698	5.1861
794001	0.478599	4.0543	0.197998	3.0343	0.436598	5.1586
795001	0.580401	4.0608	0.196298	3.028	0.450897	5.2036
796001	0.498	4.1563	0.197798	3.0447	0.446398	5.1585
797001	0.5718	4.1963	0.198398	3.0769	0.455498	5.2364
798001	0.510201	4.1191	0.199198	3.1008	0.466099	5.2286
799001	0.484798	4.2429	0.199598	3.0768	0.453798	5.2345
800001	0.527001	4.1952	0.197898	3.0566	0.465298	5.1978
801001	0.560099	4.1948	0.197898	3.1495	0.446498	5.2452
802001	0.671501	4.2576	0.197998	3.2027	0.464599	5.2076
803001	0.469899	4.1775	0.197698	3.1072	0.444398	5.2579
804001	0.596402	4.2116	0.196898	3.0726	0.460899	5.1918
805001	0.474199	4.1092	0.196698	3.0411	0.439598	5.1776
806001	0.5204	4.2215	0.196798	3.1078	0.485398	5.2127
807001	0.497299	4.1017	0.199598	3.0399	0.446898	5.20579
808001	0.577601	4.1318	0.196898	3.0418	0.453198	5.2267
809001	0.5048	4.2223	0.199798	3.1068	0.452198	5.3125
810001	0.5698	4.191	0.196298	3.0916	0.447097	5.2078
811001	0.5505	4.2905	0.198398	3.2197	0.489298	5.247
812001	0.492798	4.2728	0.196998	3.1616	0.451398	5.2448
813001	0.524601	4.261	0.197398	3.1347	0.474899	5.291
814001	0.475698	4.2104	0.198498	3.0438	0.455098	5.2072
815001	0.531902	4.3033	0.197298	3.1382	0.482199	5.2882
816001	0.505699	4.2913	0.197498	3.1301	0.453197	5.3217
817001	0.598803	4.1075	0.197198	3.0924	0.448898	5.2341
818001	0.471399	4.1466	0.206898	3.0882	0.440398	5.2036
819001	0.530701	4.1718	0.195798	3.0596	0.470098	5.2035
820001	0.476499	4.1202	0.198498	3.0592	0.443197	5.1786
821001	0.654403	4.2426	0.197598	3.1399	0.452398	5.2143
822001	0.484299	4.1684	0.199398	3.1304	0.437297	5.24079
823001	0.5285	4.3112	0.200798	3.1591	0.498997	5.2887
824001	0.4901	4.1243	0.197598	3.0968	0.434997	5.1625
825001	0.577501	4.1994	0.198198	3.1119	0.463797	5.2059
826001	0.5006	4.1434	0.197198	3.1064	0.444498	5.1969
827001	0.5664	4.145	0.197398	3.0882	0.440797	5.23179
828001	0.512801	4.1388	0.195498	3.0521	0.445698	5.1749
829001	0.544999	4.0908	0.197298	3.0422	0.440097	5.1967
830001	0.522602	4.2374	0.198398	3.0483	0.451498	5.1842
831001	0.471199	4.1964	0.197098	3.1434	0.441698	5.2209
832001	0.529602	4.2578	0.199098	3.1367	0.466799	5.2164
833001	0.472799	4.1221	0.196998	3.061	0.440998	5.16841
834001	0.564501	4.6478	0.209899	3.3134	0.499399	5.6106
835001	0.480499	4.1579	0.196298	3.1172	0.451398	5.1921
836001	0.530901	4.3795	0.198899	3.2178	0.483499	5.3435
837001	0.489099	4.1715	0.198598	3.0881	0.452398	5.1954
838001	0.574	4.1294	0.195798	3.061	0.462398	5.2023
839001	0.5073	4.1196	0.198698	3.0554	0.455798	5.2071
840001	0.498999	4.1555	0.196698	3.0523	0.454998	5.184
841001	0.513301	4.2033	0.195798	3.1204	0.464998	5.2082
842001	0.562599	4.2059	0.197698	3.1603	0.440597	5.2101
843001	0.521001	4.1535	0.197298	3.1482	0.449798	5.184
844001	0.482599	4.2392	0.197298	3.0743	0.446298	5.2212
845001	0.599302	4.1293	0.198598	3.1115	0.471499	5.2203
846001	0.468099	4.0956	0.196698	3.065	0.441098	5.1723
847001	0.590203	4.1747	0.197998	3.0498	0.458298	5.17979
848001	0.471699	4.1531	0.197298	3.117	0.443398	5.2061
849001	0.593002	4.1484	0.197498	3.0693	0.459198	5.2123
850001	0.472699	4.1154	0.197198	3.0723	0.436297	5.185
851001	0.5216	4.3204	0.198598	3.1264	0.454798	5.3048
852001	0.490799	4.2301	0.196098	3.1995	0.442797	5.1965
853001	0.556701	4.2727	0.198398	3.1357	0.449098	5.2407
854001	0.5186	4.0997	0.196998	3.0477	0.443998	5.2104
855001	0.575701	4.1631	0.195998	3.0717	0.447498	5.2172
856001	0.512701	4.1834	0.196798	3.1046	0.455898	5.2095
857001	0.496299	4.2594	0.197298	3.1226	0.452698	5.23
858001	0.505601	4.0953	0.197598	3.045	0.454098	5.1863
859001	0.479699	4.1711	0.198398	3.049	0.449998	5.1836
860001	0.533901	4.2597	0.200698	3.1621	0.498499	5.3119
861001	0.6133	4.3589	0.197098	3.3384	0.467398	5.4198
862001	0.539602	4.3265	0.201098	3.1959	0.466899	5.25061
863001	0.473399	4.1551	0.206198	3.111	0.447198	5.2832
864001	0.530501	4.376	0.199198	3.1696	0.5467	5.3125
865001	0.510698	4.5453	0.213198	3.3631	0.485597	5.6084
866001	0.535301	4.2804	0.197098	3.1156	0.466398	5.2348
867001	0.504799	4.407	0.202798	3.2516	0.475698	5.43
868001	0.513999	4.1617	0.196498	3.045	0.461098	5.2189
869001	0.4913	4.1227	0.199398	3.0339	0.451798	5.174
870001	0.510799	4.323	0.199698	3.1275	0.471698	5.2592
871001	0.516801	4.2381	0.196798	3.2687	0.460499	5.4189
872001	0.5733	4.2683	0.197998	3.2553	0.460498	5.2645
873001	0.518201	4.2517	0.196898	3.1085	0.461599	5.2353
874001	0.477498	4.2017	0.196698	3.0581	0.454298	5.2216
875001	0.534501	4.1672	0.198098	3.0762	0.469499	5.1908
876001	0.5753	4.1133	0.198698	3.0269	0.446298	5.1508
877001	0.593503	4.1082	0.196398	3.0326	0.462899	5.2363
878001	0.484799	4.1577	0.196898	3.0837	0.446798	5.1922
879001	0.519301	4.3323	0.196398	3.0656	0.459498	5.2361
880001	0.503299	4.1116	0.197598	3.0478	0.439197	5.1798
881001	0.5212	4.334	0.198298	3.1286	0.452798	5.2592
882001	0.4911	4.1696	0.198398	3.1262	0.439098	5.2067
883001	0.512599	4.2983	0.199398	3.1348	0.452097	5.2247
884001	0.5298	4.0833	0.197898	3.0355	0.444698	5.1782
885001	0.491398	4.2377	0.196298	3.0542	0.446997	5.2091
886001	0.508001	4.11	0.197698	3.0343	0.451698	5.2064
887001	0.553499	4.1297	0.197598	3.0468	0.439997	5.1881
888001	0.522101	4.1796	0.197298	3.0598	0.455699	5.2184
889001	0.502699	4.0932	0.196198	3.0152	0.442898	5.1602
890001	0.521602	4.2047	0.195799	3.0317	0.455898	5.2177
891001	0.474399	4.5484	0.208598	3.1955	0.463298	5.9567
892001	0.521701	4.3339	0.197998	3.194	0.508199	5.3059
893001	0.490899	4.1973	0.198298	3.0806	0.448998	5.206
894001	0.600401	4.2444	0.196598	3.1018	0.459598	5.263
895001	0.487699	4.1652	0.196898	3.0777	0.450898	5.1956
896001	0.5275	4.2087	0.198598	3.0269	0.455698	5.1853
897001	0.4996	4.1187	0.211798	3.056	0.451298	5.2047
898001	0.499999	4.2074	0.197198	3.0708	0.454098	5.2379
899001	0.5065	4.1389	0.197598	3.0305	0.453498	5.2015
900001	0.483998	4.1961	0.198898	3.0567	0.451498	5.1985
901001	0.517101	4.2474	0.239998	3.0926	0.455398	5.2244
902001	0.485299	4.3336	0.200498	3.1202	0.531898	5.2484
903001	0.535601	4.151	0.196998	3.0985	0.459599	5.2621
904001	0.475999	4.2982	0.197498	3.1626	0.447798	5.2612
905001	0.543302	4.2423	0.196998	3.0347	0.460199	5.1985
906001	0.470299	4.1372	0.197398	3.0823	0.443698	5.2493
907001	0.592903	4.1775	0.196998	3.0843	0.489798	5.2085
908001	0.476099	4.1268	0.198898	3.0332	0.442598	5.1833
909001	0.605502	4.1231	0.196498	3.0416	0.471998	5.2371
910001	0.481699	4.1047	0.195898	3.0786	0.452798	5.1866
911001	0.600002	4.4249	0.200298	3.3178	0.481998	5.3987
912001	0.547899	4.3412	0.199799	3.3481	0.487198	5.34231
913001	0.5848	4.1507	0.197298	3.1277	0.460098	5.2295
914001	0.4979	4.0957	0.196398	3.0387	0.454398	5.15191
915001	0.56	4.1023	0.196498	3.0443	0.455898	5.1624
916001	0.519701	4.1103	0.196999	3.0309	0.459099	5.1958
917001	0.500398	4.3171	0.198498	3.1809	0.471998	5.2619
918001	0.525301	4.2229	0.197798	3.0972	0.469699	5.2095
919001	0.473999	4.1894	0.197598	3.0749	0.451498	5.1971
920001	0.528702	4.3051	0.198598	3.1118	0.472699	5.2129
921001	0.472799	4.193	0.200198	3.1517	0.435197	5.2368
922001	0.535001	4.3156	0.198598	3.1127	0.454298	5.2466
923001	0.483799	4.206	0.198399	3.1081	0.443198	5.2222
924001	0.5205	4.2291	0.196098	3.0792	0.458898	5.1972
925001	0.482399	4.1384	0.199198	3.05	0.445398	5.1868
926001	0.502499	4.1995	0.197498	3.0145	0.449197	5.1998
927001	0.4961	4.0709	0.197598	3.0211	0.447698	5.2131
928001	0.5851	4.2903	0.209998	3.1806	0.474598	5.41581
929001	0.516101	4.2223	0.197198	3.1156	0.456599	5.2411
930001	0.580899	4.1573	0.196898	3.1491	0.456398	5.2434
931001	0.537001	4.2238	0.198798	3.202	0.459699	5.3154
932001	0.475099	4.4074	0.199598	3.1428	0.443598	5.2256
933001	0.531002	4.2245	0.198698	3.0704	0.505399	5.2115
934001	0.478599	4.2702	0.198198	3.1748	0.454897	5.4012
935001	0.594503	4.1644	0.198398	3.0635	0.451398	5.2221
936001	0.473899	4.0913	0.197498	3.0419	0.435398	5.16659
937001	0.594902	4.1099	0.197098	3.0621	0.452598	5.1804
938001	0.490499	4.267	0.199998	3.1759	0.450598	5.2389
939001	0.511099	4.2455	0.199098	3.0688	0.455098	5.1901
940001	0.4924	4.0766	0.197198	3.024	0.446298	5.18
941001	0.5322	4.2948	0.198598	3.2611	0.462098	5.2493
942001	0.508101	4.2554	0.198098	3.1821	0.457898	5.2953
943001	0.5792	4.1513	0.199898	3.1037	0.451398	5.213
944001	0.514901	4.1755	0.197498	3.0784	0.462999	5.208
945001	0.568599	4.1096	0.199098	3.1228	0.447698	5.1868
946001	0.531801	4.203	0.197198	3.0331	0.467799	5.1883
947001	0.471599	4.1086	0.195998	3.0528	0.461098	5.1753
948001	0.525502	4.2047	0.195798	3.0598	0.467499	5.249
949001	0.467099	4.1102	0.197798	3.0308	0.449198	5.1898
950001	0.585802	4.1318	0.196398	3.0542	0.463699	5.1999
951001	0.474999	4.205	0.200298	3.1672	0.441698	5.2635
952001	0.563401	4.3551	0.198398	3.1788	0.462598	5.373
953001	0.484099	4.1929	0.199298	3.1837	0.443698	5.2601
954001	0.591601	4.1576	0.198298	3.0762	0.486298	5.2334
955001	0.491	4.0984	0.197798	3.0428	0.471498	5.1656
956001	0.495599	4.2485	0.197398	3.0494	0.475398	5.1818
957001	0.4992	4.0858	0.196798	3.0697	0.451798	5.23439
958001	0.5896	4.1094	0.197098	3.0564	0.460797	5.2081
959001	0.509101	4.1956	0.197398	3.047	0.452698	5.2442
960001	0.483898	4.1764	0.198998	3.0729	0.451398	5.1833
961001	0.591299	4.28	0.197498	3.1212	0.459898	5.2813
962001	0.489799	4.3239	0.196198	3.1661	0.440797	5.2334
963001	0.602202	4.1296	0.196398	3.0729	0.456699	5.2068
964001	0.475498	4.2371	0.200498	3.1592	0.449897	5.2894
965001	0.524201	4.3301	0.196998	3.0722	0.457698	5.247
966001	0.467399	4.1408	0.198898	3.0767	0.443798	5.20511
967001	0.532801	4.3085	0.198198	3.1671	0.467798	5.2688
968001	0.494599	4.119	0.198598	3.081	0.461998	5.2275
969001	0.584701	4.1317	0.196298	3.0482	0.461498	5.1932
970001	0.4912	4.1368	0.197098	3.068	0.453998	5.2045
971001	0.592001	4.2859	0.199098	3.1305	0.456998	5.3181
972001	0.508701	4.2012	0.196498	3.1238	0.468998	5.2826
973001	0.567499	4.1334	0.198098	3.0687	0.444097	5.2768
974001	0.509501	4.1533	0.197398	3.0335	0.454998	5.1858
975001	0.544399	4.1131	0.198198	3.0756	0.441597	5.1987
976001	0.520302	4.2062	0.199698	3.0818	0.459599	5.1976
977001	0.475599	4.1839	0.197698	3.1073	0.440498	5.2554
978001	0.599303	4.208	0.196598	3.0556	0.459599	5.1962
979001	0.468399	4.0849	0.196498	3.0504	0.470497	5.178
980001	0.605402	4.201	0.197998	3.0581	0.466498	5.199
981001	0.487399	4.3405	0.198498	3.1965	0.458498	5.2992
982001	0.5543	4.3636	0.196698	3.2349	0.530799	5.2775
983001	0.5101	4.1459	0.199998	3.1248	0.446998	5.1877
984001	0.5775	4.1722	0.196198	3.0448	0.452898	5.2558
985001	0.514101	4.2258	0.198398	3.1439	0.460798	5.2318
986001	0.573799	4.235	0.198798	3.2374	0.455798	5.3247
987001	0.5495	4.1764	0.196098	3.1058	0.452998	5.3138
988001	0.487098	4.2646	0.198698	3.1047	0.448797	5.2219
989001	0.517901	4.2398	0.198798	3.1169	0.459298	5.231
990001	0.469999	4.2358	0.198198	3.0361	0.443598	5.1883
991001	0.643502	4.2725	0.197898	3.1146	0.467799	5.3319
992001	0.486599	4.2726	0.197198	3.202	0.519697	5.2483
993001	0.634203	4.2102	0.197698	3.1497	0.487899	5.3016
994001	0.469699	4.1289	0.196298	3.1045	0.472098	5.2036
995001	0.609103	4.2319	0.197798	3.0754	0.464598	5.186
996001	0.470699	4.1159	0.198598	3.0569	0.440498	5.1908
997001	0.587402	4.1596	0.197298	3.054	0.460498	5.2099
998001	0.4874	4.2025	0.197098	3.1814	0.450898	5.2222
999001	0.5446	4.211	0.197398	3.077	0.462498	5.2133
