1	0.008	0.0012	0.0029
1001	5.0092	2.4839	4.6533
2001	4.7027	2.4419	4.4694
3001	3.7332	2.0904	3.6939
4001	3.9094	2.2796	3.8617
5001	4.0392	2.395	3.995
6001	4.6381	2.7344	4.7872
7001	5.3126	3.1406	5.7293
8001	6.2718	3.8835	6.6668
9001	3.8986	2.4211	4.0683
10001	3.9719	2.4757	4.0461
11001	5.2059	3.2376	5.4278
12001	4.2386	2.648	4.3327
13001	5.5753	3.6769	5.7457
14001	4.4269	2.8816	4.5853
15001	5.7635	3.6748	6.1501
16001	3.9834	2.6838	4.2796
17001	4.7833	3.0764	5.1323
18001	3.792	2.5635	4.1195
19001	3.8678	2.6659	4.0748
20001	3.6842	2.5209	4.1962
21001	3.8929	2.5241	4.1562
22001	4.9445	3.3069	5.6032
23001	4.153	2.8419	4.6564
24001	5.0539	3.5041	5.5659
25001	5.0619	3.4771	5.5318
26001	5.2616	3.6077	6.12199
27001	3.807	2.6625	4.3051
28001	3.7103	2.5819	4.1975
29001	3.8894	2.7415	4.3645
30001	3.8404	2.7413	4.4886
31001	3.7313	2.8188	4.4356
32001	5.9093	4.1036	6.9988
33001	4.9157	3.4886	5.7117
34001	4.2085	2.9783	4.8514
35001	5.1393	3.6101	5.8943
36001	5.1116	3.6594	6.0681
37001	4.9621	3.6017	5.8958
38001	4.027	2.8552	4.5332
39001	3.6874	2.6333	4.4939
40001	3.7725	2.695	4.3696
41001	3.7013	2.7732	4.3512
42001	3.7569	2.8383	4.4857
43001	3.7285	2.7353	4.336
44001	4.5818	3.46	5.5689
45001	3.8675	2.8678	4.5827
46001	4.2588	3.1827	5.2288
47001	4.5002	3.2789	5.3075
48001	5.0019	3.6716	6.388
49001	4.4613	3.267	5.58539
50001	3.5214	2.6484	4.2552
51001	3.82	2.7815	4.4582
52001	3.6342	2.732	4.3307
53001	3.7247	2.783	4.4502
54001	6.3571	4.5556	7.9508
55001	6.8999	4.9297	8.4224
56001	4.2119	3.16721	5.1263
57001	3.7082	2.8219	4.4418
58001	3.8121	2.9626	4.5977
59001	4.1581	3.0171	5.0711
60001	3.5022	2.6494	4.3824
61001	3.8653	2.9762	4.7192
62001	3.832	2.9275	4.7043
63001	5.9164	4.3959	7.35479
64001	4.1769	3.1792	5.1289
65001	5.5956	4.1017	7.1259
66001	3.8706	3.0606	4.845
67001	3.6756	2.8358	4.474
68001	3.7728	3.0191	4.6603
69001	3.6745	2.8666	4.5378
70001	3.5102	2.6964	4.3383
71001	3.548	2.7594	4.3626
72001	3.6339	2.8111	4.46
73001	3.504	2.7442	4.3601
74001	3.6279	2.8355	4.5222
75001	3.5397	2.8871	4.5126
76001	4.6259	3.5956	5.8313
77001	5.3994	4.2402	6.8551
78001	3.9536	3.0668	4.8931
79001	3.6368	2.8606	4.4649
80001	3.7993	2.9692	4.7925
81001	4.8709	3.6899	5.9083
82001	4.0571	3.1542	5.0843
83001	3.4332	2.7055	4.4158
84001	3.3914	2.8801	4.3194
85001	3.5935	2.9411	4.6345
86001	5.7295	4.4789	7.4055
87001	3.6995	2.9317	4.5604
88001	4.4292	3.5539	5.8692
89001	3.9885	3.3164	4.869
90001	4.4895	3.5923	5.6114
91001	5.7503	4.9727	7.6951
92001	5.76	4.5992	7.5717
93001	4.4154	3.5159	5.7746
94001	3.4135	2.7375	4.3652
95001	4.0206	3.1491	5.2053
96001	3.5951	2.8223	4.4461
97001	3.4801	2.801	4.4099
98001	3.6442	2.9003	4.5382
99001	3.9416	3.0331	4.8053
100001	4.4584	3.4779	5.5379
101001	4.2311	3.4334	5.2507
102001	4.7738	3.7884	6.112
103001	4.26	3.3643	5.4276
104001	3.5702	2.8774	4.4907
105001	3.5544	2.8862	4.4642
106001	3.6052	2.8612	4.5279
107001	3.6424	2.8955	4.5934
108001	3.3889	2.7431	4.3755
109001	3.5375	2.8978	4.5373
110001	3.4615	2.7377	4.3688
111001	3.5982	2.8008	4.5972
112001	4.0256	3.1908	5.2107
113001	5.4603	4.2659	7.1794
114001	3.7627	2.9656	4.6819
115001	3.568	2.9229	4.4996
116001	4.2943	3.3858	5.4744
117001	5.7532	4.4763	7.8118
118001	3.3235	2.64	4.3433
119001	3.2915	2.623	4.3412
120001	3.3629	2.6482	4.3851
121001	5.0839	3.9819	6.9302
122001	5.5657	4.265	7.4562
123001	4.0964	3.2473	5.5569
124001	3.7303	2.86	4.6731
125001	4.5084	3.521	6.10411
126001	3.8036	3.026	4.6048
127001	4.1475	3.2657	5.5079
128001	3.8647	3.0809	4.9699
129001	3.3791	2.8183	4.625
130001	3.4499	2.6959	4.486
131001	3.4423	2.7508	4.5341
132001	3.6652	2.9124	4.639
133001	3.7322	3.122	4.754
134001	3.6694	2.9895	4.6423
135001	5.0759	4.1235	6.663
136001	6.2313	4.8356	8.3239
137001	5.0924	4.1415	7.03
138001	4.9408	3.9262	6.44701
139001	5.11	3.9931	6.5386
140001	4.0552	3.3382	5.5424
141001	3.6181	2.9476	4.5798
142001	5.0394	4.0142	6.7871
143001	4.8177	3.8194	6.2999
144001	3.8216	3.0824	4.9257
145001	3.6819	2.9479	4.7733
146001	3.5846	2.9066	4.5694
147001	4.7128	3.7922	6.4359
148001	3.3235	2.6751	4.3316
149001	3.3012	2.6602	4.3329
150001	3.2311	2.5918	4.25
151001	3.3938	2.7423	4.4365
152001	4.3645	3.446	5.7425
153001	3.4525	2.7784	4.4761
154001	4.5947	3.4648	5.7684
155001	5.0165	3.9486	6.6497
156001	3.8107	2.9896	5.0287
157001	3.3858	2.7158	4.4538
158001	3.1984	2.553	4.269
159001	3.5112	2.8149	4.7007
160001	3.3605	2.7364	4.4998
161001	3.2947	2.6681	4.3432
162001	3.3968	2.7265	4.3137
163001	3.4575	2.808	4.3641
164001	3.6062	2.8397	4.7231
165001	3.4868	2.6798	4.5981
166001	3.6101	2.7778	4.6564
167001	3.4757	2.6678	4.6861
168001	3.4938	2.7412	4.4731
169001	3.661	2.9807	4.9466
170001	3.4474	2.8333	4.5717
171001	4.6146	3.6053	6.0181
172001	3.6649	2.9161	4.7022
173001	3.3721	2.7576	4.4889
174001	3.8681	3.0573	4.9998
175001	3.807	3.058	4.6538
176001	3.7069	3.0207	4.7828
177001	3.865	3.0012	4.8137
178001	3.2958	2.7621	4.3757
179001	3.5167	2.8052	4.6396
180001	3.8168	2.9336	4.7398
181001	4.4706	3.6177	5.9535
182001	4.9245	3.8937	6.3385
183001	3.7195	2.8998	4.82909
184001	3.6173	2.9459	4.6847
185001	3.3958	2.7659	4.5062
186001	3.5227	2.8047	4.6655
187001	3.576	2.8733	4.4989
188001	3.5195	2.8364	4.5926
189001	3.9443	3.2142	4.9633
190001	3.3683	2.7469	4.4086
191001	3.6432	2.8981	4.6419
192001	3.4917	2.7921	4.5448
193001	3.3413	2.6888	4.4304
194001	3.5015	2.9008	4.6747
195001	3.6987	3.0642	4.8815
196001	3.3727	2.8008	4.489
197001	3.6144	3.122	4.9443
198001	4.5613	3.6335	5.9704
199001	3.4308	2.7385	4.4419
200001	3.3376	2.6224	4.4432
201001	3.3821	2.6768	4.3661
202001	4.2975	3.2271	5.3908
203001	3.4618	2.8239	4.5363
204001	3.95	3.1101	5.1055
205001	3.6216	2.8785	4.696
206001	5.6375	4.4855	7.66801
207001	5.1192	4.096	6.5844
208001	4.0667	3.297	5.0655
209001	3.5825	2.9127	4.6346
210001	3.6708	2.9454	4.5814
211001	3.8257	3.0758	4.8776
212001	4.7956	3.9374	6.3502
213001	4.1164	3.163	5.2536
214001	3.6672	3.028	4.8775
215001	3.4466	2.8255	4.5003
216001	3.285	2.7314	4.3364
217001	3.4063	2.6379	4.4413
218001	3.4989	2.7615	4.5718
219001	3.48	2.7055	4.637
220001	3.5403	2.8903	4.6769
221001	3.6727	2.8613	4.6849
222001	3.5941	2.8082	4.6172
223001	5.4668	4.4718	7.0502
224001	3.4978	2.8339	4.5235
225001	3.9721	3.1216	5.2444
226001	3.8389	3.2646	5.1227
227001	4.0656	3.2686	5.2567
228001	3.7608	3.1288	4.7848
229001	3.9058	2.9972	4.8063
230001	3.6814	2.908	4.5565
231001	3.7139	3.0048	4.8798
232001	3.8681	3.0835	4.853
233001	3.5129	2.7307	4.5947
234001	3.2584	2.6203	4.3423
235001	3.1802	2.561	4.3648
236001	3.3144	2.6767	4.4341
237001	3.4488	2.8623	4.6411
238001	3.3221	2.6766	4.3854
239001	3.3456	2.744	4.5499
240001	3.8705	3.0668	5.0906
241001	3.8169	2.9776	4.7301
242001	4.8645	3.5852	6.92021
243001	3.565	2.7364	4.54231
244001	3.9696	3.1233	5.1239
245001	4.0421	3.1526	5.4643
246001	3.5353	2.8418	4.7111
247001	3.4492	2.8852	4.6912
248001	3.4558	2.8339	4.5382
249001	3.4125	2.859	4.5059
250001	5.9282	4.62181	8.0493
251001	3.752	3.1874	5.0132
252001	3.8965	3.3222	5.2347
253001	3.932	3.1889	5.039
254001	3.6123	3.0104	4.7366
255001	3.784	3.0076	5.0972
256001	3.4685	2.6905	4.5096
257001	3.2598	2.7306	4.5587
258001	3.4801	2.853	4.5954
259001	3.6723	2.8983	4.6758
260001	3.4135	2.7181	4.3956
261001	3.6444	3.2267	4.7514
262001	3.5272	2.9272	4.5726
263001	4.0446	3.325	5.3222
264001	6.7388	5.3793	9.16409
265001	4.834	3.786	6.5167
266001	3.5057	2.628	4.4667
267001	3.5094	2.7642	4.6996
268001	3.7983	3.1223	4.8847
269001	3.6389	3.1071	4.8374
270001	3.2866	2.6435	4.311
271001	3.5177	2.7834	4.6406
272001	3.3496	2.7245	4.551
273001	5.7939	4.5745	7.5876
274001	5.1007	4.286	6.897
275001	3.4028	2.7073	4.4174
276001	3.5895	2.9223	4.5025
277001	3.3783	2.5425	4.4281
278001	4.021	3.1209	5.4356
279001	5.94	4.4508	8.4093
280001	4.3389	3.3407	5.9625
281001	4.4361	3.4705	5.748
282001	3.9477	3.2806	5.1013
283001	4.021	3.3653	5.0039
284001	3.821	3.0751	5.0437
285001	3.5998	2.8793	4.9301
286001	3.3736	2.5517	4.4329
287001	3.2198	2.5501	4.2562
288001	3.4094	2.7415	4.5007
289001	3.3157	2.675	4.3843
290001	5.4833	4.2737	7.0341
291001	4.6873	3.9111	6.05
292001	4.1558	3.3748	5.3352
293001	5.2782	4.3758	6.8542
294001	3.6862	2.9742	4.79391
295001	3.7332	3.0485	4.8031
296001	3.3205	2.6694	4.3364
297001	3.5564	2.863	4.5594
298001	3.384	2.755	4.4383
299001	3.3338	2.8117	4.336
300001	3.8381	3.1902	5.1677
301001	3.8264	3.164	4.8556
302001	3.9065	3.1041	5.0988
303001	3.5358	2.9057	4.805
304001	3.7293	2.8252	4.9404
305001	3.7463	3.0406	4.974
306001	4.6667	3.609	6.2409
307001	3.4808	2.9146	4.7419
308001	3.4568	2.7458	4.4808
309001	3.8974	3.2386	4.9683
310001	3.915	3.0215	4.863
311001	4.0471	3.2502	5.2922
312001	3.5607	2.906	4.6937
313001	3.4862	2.7343	4.3874
314001	3.2594	2.6179	4.4928
315001	3.9221	3.2897	5.2839
316001	3.2165	2.6112	4.3573
317001	3.135	2.55	4.4143
318001	3.912	3.2239	5.3171
319001	3.7379	2.9333	5.0341
320001	6.3971	6.1773	8.6494
321001	6.1461	5.0422	8.5483
322001	4.78	3.8946	6.59981
323001	3.9668	3.2961	4.9923
324001	3.4022	2.654	4.6039
325001	3.2645	2.667	4.489
326001	3.6358	2.7253	4.6794
327001	3.1894	2.5135	4.324
328001	3.229	2.47	4.3626
329001	3.3749	2.7293	4.5892
330001	3.8108	3.1825	5.1514
331001	3.7463	2.8862	4.7713
332001	3.5385	2.8808	4.6032
333001	3.3951	2.8208	4.5511
334001	3.5999	2.8986	4.7907
335001	6.6954	4.8018	7.67271
336001	3.6343	2.9354	4.5717
337001	3.4633	2.8893	4.7448
338001	3.5384	2.92	4.5925
339001	3.6959	2.9905	4.6298
340001	4.0547	3.2529	5.1561
341001	3.8969	3.2265	4.9936
342001	5.228	4.2237	6.9139
343001	3.9478	3.275	5.1281
344001	3.5708	2.9267	4.5391
345001	3.248	2.6391	4.4266
346001	3.3201	2.6081	4.38969
347001	3.9994	3.2479	5.3059
348001	5.5752	3.6389	5.8368
349001	4.7974	3.9164	6.3932
350001	4.1812	3.2087	5.27461
351001	4.1045	3.256	5.2229
352001	3.7096	3.2499	4.9483
353001	3.7524	3.0751	4.9564
354001	3.9086	3.0182	5.0915
355001	3.3703	2.629	4.5233
356001	3.3055	2.8247	4.46949
357001	3.3435	2.625	4.5282
358001	3.365	2.7729	4.57
359001	3.5457	2.7519	4.6862
360001	3.3659	2.6986	4.3834
361001	4.9792	4.036	6.5362
362001	4.0191	3.0942	5.1154
363001	3.377	2.796	4.5125
364001	3.1585	2.5864	4.3722
365001	3.481	2.9029	4.5812
366001	3.6485	2.8517	4.7229
367001	3.5577	2.8014	4.5789
368001	3.3207	2.6296	4.3919
369001	3.3216	2.7346	4.4023
370001	3.548	2.7548	4.6437
371001	4.2158	3.3414	5.2894
372001	3.8821	3.0435	5.1115
373001	5.088	3.9803	6.734
374001	3.4622	2.841	4.4611
375001	3.4948	2.8396	4.6021
376001	3.4066	2.7216	4.4035
377001	3.755	3.1213	5.0642
378001	4.4579	3.6236	5.6766
379001	3.7253	2.8576	4.7329
380001	3.3543	2.7145	4.5049
381001	5.0765	4.1126	7.1256
382001	3.5135	2.8139	4.5586
383001	3.8733	3.0187	4.978
384001	3.8254	3.0088	4.9296
385001	3.4446	2.7762	4.4116
386001	3.421	2.8268	4.4277
387001	3.3541	2.6633	4.4467
388001	3.4618	2.7925	4.4818
389001	3.3792	2.9573	4.6253
390001	3.55	2.7403	4.4908
391001	3.876	3.0949	5.1278
392001	3.4064	2.9112	4.6313
393001	3.5303	2.9774	4.9352
394001	3.5715	2.8925	4.6619
395001	3.5182	2.741	4.6349
396001	3.371	2.7068	4.5835
397001	3.4302	2.6391	4.4152
398001	3.3906	2.7696	4.5327
399001	3.509	2.821	4.5668
400001	3.2483	2.549	4.339
401001	3.4478	2.7493	4.5782
402001	3.3226	2.7066	4.4246
403001	3.5946	2.9645	4.5747
404001	3.4076	2.677	4.5607
405001	3.5599	2.8656	4.8266
406001	3.3331	2.5831	4.3046
407001	3.678	2.8392	4.9742
408001	3.2687	2.5313	4.3955
409001	3.5593	2.8454	4.7191
410001	3.718	3.06	5.0267
411001	4.0232	3.5136	5.2478
412001	3.7887	2.9292	4.8007
413001	3.6485	2.9092	4.6209
414001	3.4396	2.8164	4.5737
415001	3.4388	2.7469	4.5
416001	3.519	2.9262	4.5619
417001	3.3413	2.5867	4.3455
418001	3.5748	2.8553	4.7662
419001	3.7322	2.7901	4.8834
420001	3.3832	2.7274	4.5338
421001	3.3836	2.6855	4.3512
422001	3.4767	2.7473	4.5321
423001	3.2984	2.602	4.49
424001	3.2595	2.7832	4.4733
425001	3.528	2.9022	4.6318
426001	3.3534	2.6862	4.4666
427001	3.328	2.6358	4.4049
428001	3.319	2.678	4.66
429001	3.248	2.6762	4.47959
430001	3.3139	2.6691	4.3223
431001	3.6821	3.0073	5.0229
432001	4.2814	3.4914	5.6182
433001	4.3712	3.5012	5.8553
434001	4.6479	3.5356	5.8735
435001	3.6379	3.1042	4.9828
436001	3.4186	2.7004	4.5193
437001	3.8191	3.2749	5.2036
438001	3.4403	2.77	4.4597
439001	3.741	3.1647	4.9061
440001	3.2424	2.6624	4.3668
441001	3.3783	2.8448	4.3996
442001	3.2699	2.5889	4.4572
443001	3.4962	2.7801	4.5172
444001	3.577	2.8026	4.4257
445001	3.3547	2.7073	4.6825
446001	3.1735	2.489	4.454
447001	3.5326	2.8726	4.7519
448001	3.2918	2.6707	4.4018
449001	3.3554	2.8958	4.5657
450001	3.3364	2.779	4.4626
451001	3.9381	3.0099	4.924
452001	4.4878	3.5804	5.9505
453001	3.8234	2.966	5.0021
454001	3.5087	2.6781	4.5391
455001	3.2121	2.7857	4.4126
456001	3.4296	2.6297	4.5337
457001	3.544	2.8441	4.6197
458001	3.4058	2.806	4.5968
459001	4.0123	3.1411	4.9353
460001	3.6384	2.695	4.5056
461001	3.9764	3.1569	5.1459
462001	3.9247	3.3695	5.18429
463001	4.2398	3.3377	5.5478
464001	3.4148	2.7162	4.4987
465001	3.256	2.6427	4.3997
466001	3.4383	2.9342	4.5677
467001	3.3545	2.8398	4.618
468001	3.4842	2.7894	4.5961
469001	4.2339	3.4753	5.4854
470001	3.4562	2.6187	4.4039
471001	3.3894	2.7859	4.4991
472001	3.2932	2.7026	4.5114
473001	3.3834	2.5957	4.3939
474001	5.1812	4.0058	7.1131
475001	3.4703	2.7774	4.641
476001	3.6716	2.9909	4.786
477001	3.5343	2.9205	4.7976
478001	3.485	2.7922	4.3895
479001	3.5656	2.8126	4.5856
480001	3.5792	2.9298	4.9123
481001	3.2323	2.7238	4.2702
482001	4.8811	3.8262	6.4866
483001	6.8187	5.3119	9.14521
484001	5.19639	4.0345	7.3363
485001	3.4484	2.6715	4.4916
486001	3.3207	2.7153	4.527
487001	3.4307	2.9407	4.5122
488001	3.3738	2.6984	4.4426
489001	3.6697	2.9115	4.6232
490001	3.1918	2.6228	4.2917
491001	3.4951	2.7563	4.4054
492001	3.7029	3.1223	5.0111
493001	3.42809	2.6721	4.5363
494001	3.2905	2.733	4.2995
495001	3.3595	2.6751	4.4295
496001	3.3151	2.5986	4.3917
497001	3.1636	2.6107	4.3103
498001	3.0873	2.5704	4.3425
499001	3.4355	2.8039	4.5067
500001	3.8586	3.123	5.1739
501001	3.4349	2.839	4.6168
502001	3.3959	2.5554	4.4478
503001	3.5033	2.9421	4.7941
504001	3.8885	3.2468	5.2784
505001	3.4791	2.7527	4.6564
506001	4.5884	3.6841	6.2954
507001	3.5984	2.9739	4.8111
508001	3.3144	2.6996	4.4972
509001	3.4461	2.9142	4.6274
510001	3.148	2.6628	4.3538
511001	3.4024	2.8663	4.5284
512001	3.3267	2.6886	4.4635
513001	3.261	2.5923	4.3216
514001	3.3985	2.9765	4.6544
515001	3.2569	2.6931	4.6682
516001	3.464	2.6753	4.4698
517001	5.3276	4.201	7.2873
518001	4.4637	3.7467	5.9597
519001	3.8943	3.22	5.3384
520001	3.3952	2.673	4.8311
521001	3.6556	3.0238	5.5408
522001	3.8473	3.2242	5.0131
523001	3.666	2.913	4.7159
524001	3.2329	2.4944	4.3088
525001	3.359	2.6956	4.4381
526001	3.451	2.814	4.4814
527001	3.3408	2.6835	4.4348
528001	3.2844	2.7681	4.4147
529001	3.3376	2.7114	4.3198
530001	3.1874	2.5628	4.3234
531001	3.5368	2.9487	4.714
532001	5.117	4.1153	6.9472
533001	3.4852	2.7068	4.4799
534001	3.4221	2.8505	4.54
535001	3.3224	2.7727	4.5686
536001	3.5214	2.9183	4.844
537001	3.549	2.7916	4.7092
538001	3.4466	2.7914	4.5972
539001	5.301	4.2213	7.2721
540001	3.4492	2.7976	4.5163
541001	4.0687	3.3548	5.429
542001	4.2119	3.2855	5.6874
543001	4.2884	3.5895	5.6225
544001	3.5308	2.796	4.5167
545001	3.5143	2.7907	4.4406
546001	3.4448	2.7973	4.3926
547001	3.3056	2.6911	4.3354
548001	3.3703	2.8195	4.4872
549001	3.6685	2.9188	4.71
550001	3.4712	2.7868	4.5379
551001	3.5011	2.781	4.5734
552001	3.4225	2.8015	4.5347
553001	3.5034	2.8135	4.6433
554001	3.6015	2.9962	4.6156
555001	3.8298	3.0231	5.1176
556001	3.4651	2.7236	4.7459
557001	3.5583	2.7865	4.5855
558001	3.6594	2.9789	4.7519
559001	3.3826	2.7394	4.4807
560001	3.4424	2.942	4.5327
561001	3.8922	3.1563	5.0645
562001	3.4896	2.8548	4.7852
563001	3.6479	2.9404	4.5814
564001	4.0427	3.3174	5.4255
565001	3.4092	2.7727	4.5182
566001	3.5725	2.8253	4.6127
567001	3.7161	2.9018	4.7084
568001	3.4824	2.7671	4.4664
569001	3.3463	2.6162	4.3905
570001	3.9072	3.2159	5.3747
571001	4.491	3.6635	6.0747
572001	3.4074	2.6563	4.3909
573001	3.1938	2.5436	4.2011
574001	3.921	3.9406	5.5809
575001	5.4443	4.6303	7.4577
576001	4.9732	3.9707	6.681
577001	4.7324	3.7031	6.0864
578001	4.2766	3.4541	5.4469
579001	4.8445	3.8179	6.4298
580001	4.9085	3.8218	6.53061
581001	3.4527	2.8129	4.444
582001	3.3195	2.6963	4.3438
583001	3.4776	2.8384	4.5927
584001	4.6109	3.84	6.305
585001	3.6763	3.03	4.8747
586001	3.8527	3.0498	4.8365
587001	3.6946	2.8724	4.6555
588001	3.7212	2.7728	4.635
589001	3.2069	2.5896	4.3889
590001	3.6093	2.8541	4.8524
591001	4.0156	3.2281	5.2849
592001	3.6726	2.9754	4.7799
593001	3.4291	2.8351	4.6586
594001	4.6692	3.676	6.1194
595001	4.8569	3.972	6.6483
596001	3.5699	2.7	4.5432
597001	3.4951	2.7502	4.5444
598001	3.5927	2.9806	4.8055
599001	3.7867	2.938	4.8734
600001	3.5981	2.8701	4.7687
601001	5.1878	3.8853	6.6767
602001	4.0411	3.1798	5.0936
603001	3.6971	3.049	4.889
604001	4.6663	3.548	6.0436
605001	3.5655	2.8465	4.5377
606001	3.3667	2.8318	4.6606
607001	3.5192	2.9118	4.5593
608001	3.4831	3.0016	4.7459
609001	5.2003	4.0404	6.6452
610001	4.4961	3.7778	5.7642
611001	3.9674	3.3754	5.301
612001	3.8262	3.0015	4.8183
613001	3.8649	3.085	5.0536
614001	3.4266	2.7477	4.6559
615001	3.292	2.7357	4.3451
616001	3.3834	2.6317	4.3956
617001	3.6146	2.9322	4.7648
618001	3.4979	2.7519	4.5306
619001	3.6164	2.8227	4.6495
620001	4.7792	3.7124	6.3761
621001	3.7068	2.8012	4.6104
622001	3.4586	2.7856	4.5816
623001	3.6469	2.9152	4.9124
624001	3.6884	3.0525	4.74
625001	4.2098	3.4394	5.6199
626001	4.5606	3.6188	6.3686
627001	4.0436	3.4203	5.273
628001	3.8238	3.2508	5.2751
629001	3.6519	3.1242	4.9373
630001	3.9227	3.1525	4.9398
631001	3.9358	3.1455	4.9073
632001	3.4007	2.7268	4.5353
633001	3.2845	2.843	4.4455
634001	3.3272	2.6279	4.3744
635001	3.5291	2.7149	4.6461
636001	3.2752	2.6284	4.3014
637001	4.0076	3.1529	5.2992
638001	3.7567	2.9991	4.7534
639001	3.6579	3.019	4.78
640001	3.8351	3.0897	5.0653
641001	4.4705	3.6292	5.7616
642001	3.3577	2.8268	4.45
643001	3.5803	2.8634	4.6739
644001	3.5563	2.8632	4.4798
645001	3.8298	3.193	4.9924
646001	3.6332	2.8507	4.7614
647001	3.7003	2.8245	4.7647
648001	3.7312	2.993	4.8256
649001	5.5822	4.4838	7.7255
650001	3.5827	2.8975	4.6694
651001	3.7389	3.0411	4.9078
652001	4.3571	3.4926	5.82691
653001	5.8007	4.8004	7.85299
654001	3.7906	3.0372	4.8081
655001	3.4543	2.7391	4.4011
656001	3.5567	2.8041	4.8144
657001	3.9191	3.0994	4.8663
658001	3.6135	3.1183	4.9435
659001	3.6114	2.8525	4.8028
660001	3.5472	2.7934	4.784
661001	3.9421	3.1926	5.1072
662001	4.1918	3.3092	5.486
663001	3.9489	3.1567	4.9181
664001	3.4597	2.8007	4.4215
665001	3.692	2.9398	4.7995
666001	3.6569	2.9863	4.8298
667001	3.4012	2.7212	4.4181
668001	3.4865	2.766	4.5281
669001	3.6544	2.9968	4.9406
670001	4.9323	3.8785	6.4833
671001	4.7143	3.9704	6.3492
672001	5.3167	4.216	7.1195
673001	3.8348	2.97	4.6605
674001	3.91	3.3782	5.2783
675001	3.7756	3.1389	4.745
676001	3.4642	2.7631	4.5927
677001	3.7159	2.9134	4.7223
678001	3.5627	2.9167	4.5784
679001	3.8258	3.0881	4.993
680001	3.6414	2.839	4.7066
681001	3.9823	3.2315	5.2771
682001	4.1775	3.2923	5.1595
683001	3.9804	3.2528	5.1951
684001	5.57961	4.3883	7.2438
685001	4.2708	3.6796	5.5104
686001	5.1522	3.9947	7.0202
687001	3.7142	2.9233	4.8324
688001	3.5223	2.8509	4.6704
689001	3.6345	3.0013	4.5574
690001	3.5825	2.8837	4.7223
691001	4.0951	3.3966	5.26929
692001	5.0128	4.0364	6.7488
693001	4.1266	3.2727	5.1082
694001	3.6453	2.908	4.6728
695001	4.1514	3.3541	5.3529
696001	3.7449	3.1753	5.0614
697001	4.4515	3.5827	5.7206
698001	3.6716	2.9091	4.9986
699001	3.5101	2.8394	4.7788
700001	3.7729	3.0153	4.8071
701001	3.9651	3.2161	4.8676
702001	6.0148	4.8434	7.7577
703001	3.7674	3.1751	4.9733
704001	3.7215	3.107	5.00181
705001	4.0621	3.263	5.1225
706001	4.0637	3.294	5.1702
707001	3.5632	2.8779	4.6701
708001	3.6907	2.9231	4.8395
709001	3.7955	3.1203	4.9919
710001	3.6599	2.9196	4.667
711001	5.257	4.1197	7.0661
712001	4.3269	3.5133	5.4376
713001	3.8806	3.2531	4.9658
714001	3.8752	3.2786	5.0434
715001	3.6691	3.042	4.7323
716001	3.5583	2.8469	4.547
717001	3.071	2.4398	4.2571
718001	3.2564	2.6075	4.172
719001	3.0941	2.4581	4.2566
720001	3.3533	2.8409	4.5544
721001	3.3385	2.6737	4.3463
722001	3.367	2.7797	4.3937
723001	3.5419	2.7999	4.6543
724001	4.3207	3.5913	5.4849
725001	3.9522	3.2463	4.9974
726001	3.7551	2.9716	4.7913
727001	3.9677	3.0911	4.9429
728001	3.5676	2.9695	4.6848
729001	3.4162	2.7404	4.5436
730001	3.2776	2.5177	4.2975
731001	3.5668	2.8438	4.7812
732001	3.5368	2.8292	4.4148
733001	3.4997	2.8627	4.5148
734001	3.6485	2.8657	4.5122
735001	3.4393	2.6849	4.4157
736001	3.3627	2.6667	4.4473
737001	3.3131	2.5339	4.2864
738001	3.5109	2.7153	4.5522
739001	3.714	3.2187	5.141
740001	3.7272	3.0609	4.8296
741001	3.635	3.0562	4.7852
742001	3.6952	2.9228	4.7953
743001	3.5474	2.842	4.6496
744001	3.8528	3.1959	5.059
745001	3.6439	2.8492	4.7888
746001	3.567	2.8117	4.5361
747001	3.3688	2.7701	4.391
748001	3.4734	2.749	4.4007
749001	4.7222	3.5153	6.23559
750001	3.806	3.0423	4.9659
751001	3.507	2.9429	4.766
752001	3.3508	2.7325	4.6748
753001	3.6378	3.0529	4.8591
754001	4.0764	3.1504	5.2047
755001	3.6554	2.9424	4.8163
756001	3.3037	2.649	4.5968
757001	3.1647	2.5719	4.2792
758001	3.3042	2.6314	4.6199
759001	6.6825	5.0982	8.03639
760001	3.8019	3.1656	4.7909
761001	4.671	3.8202	6.1059
762001	3.7858	3.1024	4.8694
763001	3.7621	2.9945	4.6918
764001	3.5573	2.9201	4.76089
765001	3.4262	2.7802	4.3698
766001	3.555	2.9445	4.593
767001	3.6001	2.9925	4.70541
768001	3.2865	2.678	4.5159
769001	3.6532	2.882	4.859
770001	3.5074	3.0395	4.6148
771001	4.5043	3.6032	5.67631
772001	4.2643	3.275	5.4757
773001	3.9241	3.1567	4.9537
774001	3.6987	2.9795	4.7087
775001	3.3703	2.7095	4.394
776001	3.1437	2.4494	4.27
777001	3.1189	2.6024	4.3292
778001	3.1118	2.4716	4.4275
779001	3.2591	2.6205	4.4484
780001	3.2101	2.5425	4.4978
781001	3.7479	2.9547	5.0906
782001	3.7605	3.2472	4.8661
783001	3.5778	2.864	4.6201
784001	4.3259	3.62	6.0114
785001	3.4856	2.7817	4.5485
786001	3.686	3.0156	4.89771
787001	5.7575	4.52	7.51711
788001	3.705	3.1591	4.9569
789001	3.3869	2.8496	4.4554
790001	3.1837	2.5504	4.2804
791001	3.2071	2.684	4.3434
792001	3.433	2.5714	4.2983
793001	3.1743	2.5411	4.3184
794001	3.4647	2.7787	4.6465
795001	3.6298	3.0437	4.9883
796001	3.5769	2.8615	4.6663
797001	4.3678	3.5977	5.7134
798001	4.0155	3.2309	5.3085
799001	3.7363	2.8479	4.5539
800001	3.2122	2.7399	4.3546
801001	3.3985	2.881	4.5786
802001	3.6717	2.9548	4.6095
803001	5.6627	4.2038	7.1986
804001	6.14809	4.814	8.2403
805001	6.7654	5.0148	8.9899
806001	3.8557	3.067	5.0429
807001	3.6567	2.8543	4.6878
808001	6.3092	4.9768	8.60501
809001	4.0372	3.2727	5.2993
810001	5.4157	4.0793	6.8661
811001	3.3191	2.8438	4.4893
812001	4.2987	3.4101	5.353
813001	3.4099	2.7943	4.4461
814001	3.1739	2.612	4.3764
815001	3.5659	2.897	4.6078
816001	3.6186	2.8409	4.6124
817001	5.0261	3.9758	6.5997
818001	4.8727	3.7695	6.3057
819001	3.6885	3.0112	4.6689
820001	4.7476	3.8004	6.1739
821001	3.7493	2.968	4.7242
822001	3.6475	2.98	4.7278
823001	3.9171	3.1968	4.9283
824001	3.5345	3.0297	4.6991
825001	4.156	3.4129	5.6907
826001	6.38599	4.93811	8.7017
827001	3.8321	3.0983	4.7201
828001	3.3682	2.804	4.6015
829001	3.4038	2.7554	4.5702
830001	3.3402	2.6241	4.4186
831001	3.429	2.8786	4.4801
832001	3.3027	2.7463	4.5713
833001	3.5035	2.7879	4.5362
834001	3.414	2.7989	4.5035
835001	4.384	3.4587	5.7415
836001	4.3232	3.4161	5.5865
837001	4.0662	3.2609	5.2929
838001	3.9179	3.1736	5.1409
839001	4.067	3.2586	5.209
840001	4.88	4.0593	6.28809
841001	4.3651	3.3338	5.7772
842001	3.7731	2.9999	4.8535
843001	3.7485	3.0252	4.8935
844001	4.5028	3.6092	5.5699
845001	4.3935	3.416	5.48
846001	5.4354	4.2205	6.9202
847001	4.0398	3.3516	5.2722
848001	5.3704	4.2805	7.1446
849001	3.5254	2.9905	4.7392
850001	3.4588	2.9683	4.549
851001	4.213	3.2897	5.5081
852001	4.2141	3.3385	5.0225
853001	4.6486	3.5794	5.6849
854001	4.8992	4.0274	6.363
855001	5.2154	4.2881	6.7309
856001	4.1655	3.4269	5.3372
857001	4.8389	4.2372	6.12569
858001	5.976	4.9641	8.256
859001	4.1125	3.3539	5.3169
860001	3.9979	3.1726	4.9781
861001	5.3952	4.2485	6.9925
862001	4.4812	3.5485	5.5148
863001	5.603	4.4544	7.47999
864001	7.9172	6.0807	9.9908
865001	6.92339	5.4234	9.5216
866001	7.1549	5.4899	9.1944
867001	4.0416	3.2228	5.1024
868001	4.6996	4.0765	6.2865
869001	4.301	3.5763	5.5416
870001	5.765	5.045	7.45301
871001	5.9234	4.7298	7.6169
872001	4.5244	3.7546	5.5774
873001	4.3362	3.5084	5.3598
874001	4.0312	3.1975	5.2051
875001	3.5521	2.9167	4.61761
876001	3.4403	2.8869	4.5556
877001	3.5505	2.911	4.7321
878001	3.6116	2.9536	4.9062
879001	5.5867	4.3327	7.2475
880001	4.4002	3.7642	5.682
881001	5.0431	4.1754	6.5823
882001	4.9554	4.0005	6.5561
883001	3.8006	3.1691	4.9518
884001	5.3299	4.2414	6.8662
885001	3.192	2.6833	4.4327
886001	3.2399	2.6364	4.2876
887001	3.4102	2.6514	4.6108
888001	3.1949	2.5723	4.3144
889001	3.3451	2.6662	4.4417
890001	3.4331	2.8621	4.5895
891001	3.672	2.955	4.7771
892001	3.8835	3.2051	4.8723
893001	3.5368	2.9934	4.4398
894001	3.2978	2.5934	4.549
895001	3.4298	2.7917	4.7825
896001	3.6379	3.0182	4.8763
897001	3.2812	2.6291	4.3398
898001	3.3563	2.5983	4.3679
899001	3.2299	2.5906	4.2632
900001	4.0845	3.1948	5.2496
901001	4.0201	3.1256	5.0391
902001	5.2225	3.95	6.5841
903001	3.3774	2.7929	4.4537
904001	3.5211	2.7781	4.71411
905001	5.1089	3.985	7.2069
906001	3.4508	2.739	4.5044
907001	3.238	2.7203	4.4046
908001	3.2183	2.5465	4.4544
909001	3.3926	2.7252	4.6459
910001	3.4848	2.6602	4.4953
911001	4.0178	3.1406	5.0594
912001	5.6868	4.491	7.6377
913001	3.5784	2.9506	4.6851
914001	3.7562	3.1506	5.0117
915001	3.562	2.6817	4.5785
916001	3.4169	2.802	4.6242
917001	3.4432	2.9666	4.6324
918001	3.5165	2.8539	4.6397
919001	3.8486	3.0176	4.9371
920001	3.4352	2.7846	4.4293
921001	3.5725	2.9029	4.6504
922001	4.9871	3.9437	6.3148
923001	3.746	2.9953	4.8344
924001	3.7678	3.0438	4.8375
925001	3.388	2.6927	4.428
926001	3.8272	2.9795	4.8525
927001	3.657	3.0237	4.8928
928001	3.6424	2.8168	4.6999
929001	3.6157	2.8478	4.6698
930001	3.4343	2.7218	4.4231
931001	4.3101	3.5783	5.7047
932001	3.8509	3.1506	4.8832
933001	3.7674	3.0108	4.8854
934001	3.7471	2.992	4.9952
935001	3.6585	2.9472	4.7929
936001	3.5218	2.7473	4.423
937001	3.2851	2.5553	4.2997
938001	3.2095	2.6375	4.4247
939001	3.4372	2.6655	4.44
940001	3.7099	3.0286	4.8989
941001	3.7395	3.1822	4.9406
942001	4.0152	3.2025	5.1669
943001	3.7986	3.0921	5.0745
944001	3.7439	2.9749	4.7631
945001	3.6219	2.882	4.7201
946001	3.5203	2.7863	4.6092
947001	3.271	2.5609	4.452
948001	3.2211	2.5413	4.4735
949001	3.1394	2.5153	4.2633
950001	3.1885	2.4515	4.3053
951001	3.3895	2.7485	4.4663
952001	3.8598	3.2059	5.3025
953001	5.207	4.1262	7.2093
954001	3.6289	2.8491	4.5417
955001	3.1627	2.5633	4.1666
956001	3.9778	3.2013	5.30491
957001	3.9661	3.1833	5.1295
958001	4.0542	3.2751	5.3737
959001	3.5827	2.913	4.7624
960001	3.5135	2.8053	4.7151
961001	4.5615	3.7756	5.876
962001	5.2951	4.3315	6.5892
963001	3.6661	3.1689	4.9601
964001	3.8263	3.1873	5.1518
965001	3.9706	3.247	5.0468
966001	6.436	4.658	7.4511
967001	4.2069	3.3891	5.22331
968001	4.0905	3.4865	5.1489
969001	4.28571	3.4539	5.3715
970001	3.8509	3.1262	4.8892
971001	4.538	3.6062	5.5894
972001	3.9383	3.1848	4.9613
973001	3.8402	3.2264	4.7807
974001	3.858	3.1895	5.1215
975001	3.5399	2.7333	4.5792
976001	3.6026	2.9506	4.7422
977001	3.8744	3.0997	4.8208
978001	3.7389	3.0996	4.7945
979001	3.843	2.9664	4.9938
980001	3.2977	2.7461	4.3527
981001	3.3489	2.9244	4.7177
982001	4.0232	3.1885	5.1772
983001	3.8743	3.0432	4.8472
984001	3.6491	2.868	4.6947
985001	3.5785	2.7491	4.4876
986001	3.3602	2.7533	4.4616
987001	4.0833	3.3299	5.3395
988001	4.6537	3.7578	6.1184
989001	4.6947	3.6427	6.262
990001	3.5781	3.0796	4.7303
991001	3.5471	2.8454	4.7655
992001	3.3213	2.6906	4.3399
993001	3.3059	2.663	4.2995
994001	3.4737	2.7809	4.4115
995001	3.2722	2.7339	4.4372
996001	5.5382	4.3548	7.4478
997001	4.873	3.874	6.3558
998001	3.9028	3.1103	4.9908
999001	4.1203	3.4406	5.3568
