1	0.0088	0.0003	0.0021
1001	0.845598	0.2657	0.449397
2001	1.4413	0.487397	0.611402
3001	1.215	0.321799	0.465798
4001	1.3771	0.333198	0.478099
5001	1.62769	0.355298	0.484299
6001	2.5406	0.488898	0.580701
7001	2.2305	0.375797	0.503699
8001	2.3917	0.369097	0.509899
9001	2.5465	0.412498	0.5231
10001	2.38019	0.394297	0.525
11001	2.8811	0.406097	0.5385
12001	2.9755	0.417799	0.546
13001	3.4923	0.438298	0.5585
14001	3.6797	0.428497	0.607299
15001	3.9171	0.5489	0.6184
16001	3.8684	0.465298	0.576
17001	4.2046	0.539801	0.6107
18001	4.027	0.515199	0.598501
19001	4.8144	0.561898	0.6317
20001	4.6821	0.566899	0.6386
21001	5.3335	0.7019	0.706299
22001	5.8562	0.817599	0.778698
23001	5.36	0.6819	0.6845
24001	5.035	0.6181	0.6693
25001	8.3419	0.898499	1.1172
26001	6.13641	0.568399	0.771098
27001	5.9239	0.621201	0.729199
28001	7.652	0.8886	1.0087
29001	6.8036	0.712901	0.781199
30001	6.5895	0.7441	0.7599
31001	6.2088	0.714101	0.7429
32001	6.4205	0.6545	0.737399
33001	6.0117	0.6495	0.686599
34001	6.51001	0.6084	0.716799
35001	5.87511	0.603601	0.680099
36001	6.53239	0.6437	0.772299
37001	6.76439	0.6489	0.6974
38001	6.9048	0.671	0.722399
39001	9.5314	0.8827	1.0494
40001	10.9987	0.9851	1.1901
41001	8.29289	0.8286	0.891698
42001	7.596	0.7824	0.812797
43001	7.0726	0.7501	0.755
44001	7.2498	0.7452	0.766499
45001	7.5179	0.7586	0.837799
46001	7.9396	0.757401	0.835299
47001	7.6744	0.780799	0.866798
48001	9.0805	0.966199	1.0416
49001	7.8642	0.787499	0.830498
50001	7.9744	0.7802	0.854899
51001	7.9259	0.7499	0.765499
52001	7.85289	0.717199	0.764999
53001	7.2985	0.629301	0.723099
54001	7.7856	0.6982	0.7572
55001	7.6118	0.6552	0.749398
56001	7.7573	0.7786	0.803499
57001	7.48359	0.6656	0.720099
58001	8.383	0.794399	0.866899
59001	8.35669	0.7623	0.850799
60001	8.3649	0.8019	0.8659
61001	8.3721	0.758599	0.934598
62001	9.3142	0.8428	1.0111
63001	9.3859	0.9045	0.9176
64001	8.78461	0.843299	0.8865
65001	8.7985	0.8676	0.941299
66001	8.3721	0.726	0.800799
67001	7.8449	0.624001	0.766599
68001	7.80539	0.634	0.7299
69001	7.93419	0.6871	0.804299
70001	8.1782	0.698401	0.8478
71001	8.57519	0.766201	0.826801
72001	11.3878	0.964801	1.1759
73001	10.2173	0.8909	0.991098
74001	9.05819	0.7736	0.8435
75001	10.5344	0.9784	1.1184
76001	13.6961	1.0868	1.389
77001	10.799	0.9452	1.0578
78001	9.6496	0.7804	0.878899
79001	8.8321	0.785799	0.850699
80001	13.2438	1.0179	1.3521
81001	8.2258	0.678901	0.792899
82001	8.5116	0.720699	0.822399
83001	8.32289	0.659	0.755499
84001	8.6595	0.7507	0.777299
85001	10.2395	0.8449	1.0001
86001	10.5743	0.838799	0.975298
87001	13.8188	1.0208	1.3094
88001	13.8071	1.0628	1.3434
89001	10.2144	0.913601	0.9595
90001	9.3284	0.8745	0.948999
91001	8.9846	0.840899	0.861999
92001	9.0888	0.8294	0.9051
93001	9.3567	0.917299	0.877899
94001	12.494	1.0136	1.2236
95001	12.1024	0.918101	1.1863
96001	12.6188	0.9051	1.1858
97001	10.9148	0.8281	1.0331
98001	12.7598	1.1009	1.263
99001	8.83751	0.773799	0.8454
100001	11.0222	0.987801	1.0962
101001	12.8735	1.167	1.3085
102001	13.5504	1.2302	1.3534
103001	13.3117	1.3325	2.5797
104001	12.6513	1.1481	1.2872
105001	11.3694	1.0686	1.0939
106001	9.8995	0.8359	0.974
107001	13.3222	1.0414	1.3115
108001	10.0173	0.7865	0.953598
109001	8.648	0.6963	0.793699
110001	8.72651	0.7788	0.8311
111001	8.5393	0.7764	0.8028
112001	8.93261	0.777901	0.8183
113001	9.4409	0.850699	0.8835
114001	9.4784	0.8558	0.869199
115001	9.7098	0.828599	0.926699
116001	9.6725	0.7936	0.906199
117001	10.3099	0.8693	0.991301
118001	13.5648	1.0937	1.3307
119001	13.4648	1.1078	1.3487
120001	9.9863	0.8857	0.943299
121001	9.18431	0.720401	0.8343
122001	8.7587	0.6922	0.828799
123001	9.8742	0.9083	0.8791
124001	9.15219	0.832799	0.841199
125001	9.48369	0.7398	0.8538
126001	11.6937	0.9697	1.0653
127001	8.9166	0.6981	0.7889
128001	9.46719	0.8124	0.875198
129001	9.0092	0.7503	0.816099
130001	9.8455	0.9468	0.9292
131001	11.4402	0.897499	1.086
132001	10.1764	0.9884	0.9809
133001	10.0281	0.837401	0.9934
134001	20.6102	2.7576	4.4555
135001	15.0044	1.3392	1.5684
136001	13.8563	1.282	1.3839
137001	13.0917	1.1207	1.233
138001	11.9053	1.0748	1.1569
139001	8.9151	0.743	0.804599
140001	8.68102	0.6437	0.779
141001	9.1477	0.7723	0.8444
142001	9.0457	0.7203	0.8131
143001	9.265	0.7657	0.866999
144001	8.8736	0.7183	0.836599
145001	11.2504	0.9181	1.1068
146001	10.002	0.9228	0.979899
147001	10.7683	0.9895	1.0502
148001	10.7419	0.8859	1.0213
149001	10.6944	0.8513	1.0077
150001	9.2628	0.7827	0.8608
151001	9.5428	0.809	0.891201
152001	9.9504	0.9185	0.963
153001	10.5436	0.8786	0.9569
154001	9.3101	0.7542	0.843599
155001	8.9943	0.6877	0.8355
156001	9.21569	0.7009	0.83
157001	8.98391	0.659201	0.7938
158001	9.6049	0.7717	0.887799
159001	10.2109	0.845401	0.977702
160001	12.8313	0.959701	1.2346
161001	10.6655	0.874501	1.0274
162001	15.3127	1.1824	1.5046
163001	10.5605	0.921	1.0168
164001	9.67589	0.8119	0.891099
165001	9.87199	0.884301	0.949399
166001	8.7985	0.622701	0.7841
167001	9.3838	0.7025	0.851699
168001	8.9836	0.7157	0.8672
169001	9.1368	0.7317	0.8333
170001	8.76389	0.6646	0.769899
171001	9.31879	0.7023	0.8744
172001	9.3123	0.797199	0.936699
173001	8.84789	0.6888	0.778
174001	8.88321	0.7237	0.872399
175001	8.82729	0.7096	0.813199
176001	8.9008	0.741699	0.839399
177001	9.76711	0.796601	0.8746
178001	9.545	0.7306	0.864899
179001	8.9307	0.6721	0.836499
180001	9.5468	0.795799	0.929499
181001	8.8902	0.7366	0.8187
182001	8.9164	0.666501	0.8333
183001	8.73121	0.662301	0.7989
184001	9.13379	0.7847	0.851999
185001	8.98749	0.7123	0.825899
186001	9.15499	0.7308	0.8721
187001	11.2294	0.8902	1.0843
188001	10.7494	0.9104	1.0272
189001	9.72469	0.918901	0.9432
190001	10.2846	0.868199	0.960798
191001	9.7213	0.8363	0.951699
192001	10.7871	0.8603	1.0179
193001	12.5025	0.8289	1.152
194001	11.0159	0.800599	1.0531
195001	8.82589	0.644	0.7805
196001	9.00849	0.602501	0.818
197001	9.71209	0.806	0.8818
198001	8.9352	0.667601	0.8004
199001	8.87591	0.649301	0.8046
200001	12.2324	0.929501	1.1397
201001	9.6871	0.7999	0.8254
202001	12.2896	1.0825	1.1571
203001	10.7011	0.987	1.0511
204001	11.6688	1.0641	1.1312
205001	9.5437	0.813699	0.888598
206001	10.0787	0.8218	0.936701
207001	11.4949	0.9257	1.0792
208001	14.0091	1.2369	1.3331
209001	11.3493	1.0045	1.1185
210001	9.9754	0.905	0.948801
211001	9.9436	0.8683	0.9582
212001	10.864	0.962501	1.0314
213001	10.8967	0.9152	1.0546
214001	9.7241	0.8997	0.9348
215001	9.038	0.7419	0.825399
216001	8.8759	0.7129	0.8084
217001	8.9609	0.7404	0.8267
218001	10.3786	0.9052	1.0095
219001	9.6479	0.797899	0.888499
220001	9.6007	0.7408	0.892598
221001	9.8813	0.7599	0.802599
222001	9.7109	0.7996	0.8485
223001	9.16499	0.7364	0.8702
224001	9.5779	0.849499	0.913799
225001	9.5721	0.8008	0.897399
226001	10.8351	1.027	1.0074
227001	9.56729	0.833701	0.8843
228001	10.6267	0.924599	1.0532
229001	11.9465	1.0004	1.066
230001	13.2893	0.9922	1.177
231001	10.7046	0.916699	0.9819
232001	9.56199	0.7704	0.8848
233001	9.32069	0.725	0.8607
234001	9.49389	0.810999	0.8765
235001	9.3199	0.7317	0.876399
236001	9.6016	0.749601	0.9264
237001	12.7147	1.0382	1.2235
238001	9.8747	0.8618	0.9214
239001	12.1309	1.079	1.1371
240001	9.6204	0.8171	0.896999
241001	9.41919	0.842	0.9007
242001	9.23269	0.769801	0.8604
243001	9.2714	0.7151	0.8761
244001	14.6713	1.0204	1.3803
245001	12.9028	0.975901	1.2346
246001	9.41291	0.730101	0.880601
247001	9.08	0.7585	0.8308
248001	10.0447	0.8777	0.9714
249001	9.5993	0.8498	0.9465
250001	11.829	0.951999	1.121
251001	9.0166	0.7078	0.840499
252001	9.4206	0.755001	0.865601
253001	13.0023	0.9244	1.2558
254001	11.2266	0.9142	1.0735
255001	9.74159	0.8748	0.9426
256001	9.47439	0.7714	0.8348
257001	9.47681	0.8112	0.8501
258001	9.087	0.779299	0.8194
259001	9.36499	0.708001	0.8242
260001	10.2058	0.746101	0.9744
261001	9.7561	0.847601	0.9167
262001	9.857	0.7855	0.897599
263001	9.89289	0.8331	0.908
264001	12.8865	1.1236	1.3136
265001	9.3134	0.851	0.8686
266001	9.68781	0.822901	0.974199
267001	8.8994	0.6965	0.7974
268001	10.1969	0.803602	0.922001
269001	12.7133	0.881101	1.178
270001	9.82299	0.825199	0.893
271001	9.9531	0.9325	0.9312
272001	11.0339	1.0211	1.0725
273001	10.5782	0.824101	0.9549
274001	9.3398	0.8184	0.870399
275001	9.37501	0.7413	0.872699
276001	9.5791	0.7972	0.8831
277001	9.081	0.718401	0.8442
278001	9.1168	0.7102	0.835199
279001	8.8416	0.669301	0.808901
280001	9.7319	0.8586	1.0148
281001	11.9324	0.872901	1.0958
282001	12.4561	0.934699	1.1563
283001	9.6687	0.8312	0.9026
284001	11.7856	1.0698	1.1237
285001	11.1054	0.9957	1.0431
286001	10.6213	0.9287	1.0151
287001	9.0724	0.7552	0.844199
288001	9.0858	0.7815	0.850599
289001	11.0655	0.9251	1.0267
290001	10.7304	0.770699	1.0602
291001	9.84811	0.814399	0.9036
292001	9.64499	0.774401	0.8836
293001	9.2375	0.7768	0.8436
294001	9.7963	0.8433	0.901299
295001	9.3337	0.8093	0.877801
296001	10.131	0.8277	0.9059
297001	11.6919	0.9797	1.049
298001	15.7269	1.2737	1.4948
299001	9.4748	0.8584	0.8979
300001	11.2003	0.9124	1.0951
301001	11.4505	0.9116	1.1095
302001	11.2463	0.8539	1.056
303001	9.42179	0.8107	0.8808
304001	12.2399	0.9578	1.1438
305001	14.582	0.9799	1.3567
306001	14.5711	0.968301	1.3534
307001	11.5207	0.9823	1.0996
308001	9.5456	0.809399	0.8635
309001	11.3612	0.8707	1.0199
310001	10.6652	0.914601	1.0379
311001	16.1633	1.2702	1.6101
312001	11.7613	1.0214	1.1439
313001	9.4588	0.8196	0.8988
314001	14.3699	1.1199	1.5294
315001	13.5129	1.027	1.3181
316001	9.46329	0.798099	0.897398
317001	9.9302	0.836901	0.973899
318001	11.6498	1.0158	1.1053
319001	10.6666	0.861301	1.0257
320001	10.1171	0.8688	0.9463
321001	9.78801	0.839201	0.8845
322001	11.625	1.1328	1.1394
323001	14.263	1.4459	1.574
324001	10.5938	1.0118	1.0346
325001	9.2881	0.7663	0.854599
326001	10.4165	0.9172	0.9597
327001	13.9213	0.936901	1.3365
328001	14.1827	1.0032	1.3123
329001	9.6569	0.8236	0.8809
330001	9.2965	0.732	0.852099
331001	12.3778	1.0208	1.2575
332001	10.7299	1.041	1.0861
333001	11.0221	1.0373	1.1087
334001	11.7389	1.0947	1.2466
335001	11.5927	1.0181	1.1498
336001	13.8575	1.2888	1.4069
337001	15.9867	1.3403	1.6227
338001	9.94999	0.922399	1.0119
339001	10.2177	1.0065	1.0408
340001	11.2911	1.0854	1.1205
341001	11.0718	1.1247	1.151
342001	11.1474	1.0476	1.1121
343001	10.5127	1.012	1.0024
344001	11.1973	0.9884	1.1438
345001	11.4541	0.9957	1.0854
346001	13.326	1.0398	1.2728
347001	11.4879	0.9984	1.139
348001	10.1743	0.9419	0.9969
349001	10.6278	0.9835	1.0835
350001	9.2567	0.8294	0.8908
351001	9.9891	0.9085	0.985299
352001	10.0267	0.9595	0.9879
353001	9.8237	0.8705	0.968199
354001	11.0453	0.898601	1.0505
355001	9.6617	0.816701	0.9108
356001	9.4307	0.762301	0.861801
357001	9.5857	0.790099	0.881899
358001	11.316	0.971	1.1179
359001	10.1966	0.852999	0.942098
360001	9.9964	0.8453	1.0086
361001	10.5334	0.9141	0.9882
362001	10.1009	0.9284	0.98
363001	9.4595	0.794901	0.8644
364001	9.4734	0.8072	0.8985
365001	15.3433	1.3285	1.5497
366001	11.267	1.0105	1.0769
367001	13.4284	1.1414	1.3175
368001	11.0551	1.0376	1.111
369001	9.66599	0.8535	0.932299
370001	9.7157	0.807699	0.956099
371001	9.8082	0.855599	0.9504
372001	10.8997	0.961301	1.1191
373001	12.6008	0.965	1.2371
374001	10.5076	0.862099	1.0014
375001	9.91641	0.9042	0.9453
376001	9.42289	0.7765	0.8642
377001	9.4472	0.7308	0.907498
378001	14.747	1.2993	1.5392
379001	10.8112	0.9546	1.0318
380001	11.4574	1.0125	1.1942
381001	12.804	1.1948	1.374
382001	10.5481	0.9334	0.9648
383001	14.3118	1.1325	1.3967
384001	15.5068	1.3572	1.5382
385001	14.1826	1.0814	1.3653
386001	17.3742	1.8533	1.9271
387001	13.8051	1.2796	1.42
388001	14.8387	1.2376	1.4178
389001	14.0843	1.3247	1.5093
390001	14.9007	1.4234	1.5186
391001	11.6839	1.2789	1.2309
392001	10.4768	1.0149	1.0226
393001	11.2269	1.1639	1.1461
394001	13.0972	1.3399	1.2393
395001	15.7716	1.5404	1.6371
396001	16.8621	1.5472	1.7657
397001	11.8103	1.4229	1.3186
398001	12.1579	1.5435	1.3981
399001	14.8997	1.8244	1.7036
400001	16.3242	1.7154	1.7313
401001	13.487	1.4992	1.6393
402001	18.0987	1.7732	1.7903
403001	11.2042	1.0134	1.1174
404001	14.0255	1.2013	1.4334
405001	12.5263	1.027	1.1997
406001	9.216	0.81	0.8867
407001	9.3006	0.7865	0.8856
408001	8.824	0.7003	0.8189
409001	8.79472	0.6818	0.792499
410001	8.847	0.6729	0.8091
411001	9.0539	0.728	0.907999
412001	9.03839	0.657101	0.7894
413001	9.419	0.793201	0.9052
414001	11.6574	0.914201	1.1127
415001	12.5944	1.0185	1.2562
416001	10.544	0.8811	0.980799
417001	9.2669	0.8159	0.868001
418001	10.4991	1.0866	1.1162
419001	9.19571	0.7726	0.8436
420001	12.7192	1.561	1.4567
421001	17.5621	2.117	2.0811
422001	12.7809	1.5644	1.3763
423001	12.2683	1.4386	1.4153
424001	19.3133	2.1895	2.3315
425001	12.1143	1.4688	1.4059
426001	9.9156	0.9361	1.0594
427001	10.8357	0.9319	1.0302
428001	9.4046	0.8233	0.8817
429001	9.0383	0.7683	0.8454
430001	9.36539	0.823001	0.882599
431001	9.25539	0.8518	0.8772
432001	9.0991	0.761	0.8533
433001	8.79291	0.6346	0.806
434001	8.8384	0.6879	0.809099
435001	9.0195	0.675501	0.7789
436001	8.9497	0.6495	0.8093
437001	9.4949	0.722199	0.884
438001	9.91901	0.690101	0.875201
439001	10.3682	0.806899	0.933898
440001	10.1831	0.8605	0.9058
441001	10.3951	0.894501	0.9689
442001	9.9367	0.885701	0.9456
443001	9.39331	0.8148	0.8861
444001	9.57071	0.759201	0.893201
445001	9.6643	0.8298	0.886499
446001	9.16181	0.781799	0.8042
447001	9.06939	0.701201	0.847001
448001	8.8418	0.685101	0.7837
449001	9.4132	0.774801	0.872701
450001	8.8011	0.7213	0.777899
451001	12.1579	0.913199	1.1212
452001	15.2354	1.7216	1.6115
453001	19.5578	1.8143	1.9687
454001	15.3314	1.501	1.5525
455001	14.8849	1.5395	1.6604
456001	18.6664	2.5315	2.0886
457001	14.4392	1.4523	1.64019
458001	12.4239	1.2709	1.271
459001	11.9432	1.2584	1.2364
460001	15.1734	1.7287	1.6851
461001	13.6146	1.3958	1.5176
462001	13.6768	1.1827	1.4002
463001	11.9619	1.0999	1.218
464001	11.5325	1.0682	1.3306
465001	14.7375	1.2614	1.4256
466001	10.5021	1.0306	1.0618
467001	10.5469	1.0009	1.0484
468001	12.9467	1.199	1.2876
469001	40.4253	1.8972	1.7852
470001	13.4031	0.9938	1.1081
471001	12.5433	1.1429	1.2317
472001	12.2704	1.2173	1.2465
473001	14.4748	1.508	1.4717
474001	13.8326	1.297	1.4491
475001	11.7582	1.1729	1.1813
476001	10.4432	0.9812	1.0118
477001	8.96251	0.693	0.820999
478001	10.2141	0.984398	1.0282
479001	10.0813	0.929099	0.972299
480001	9.8422	0.946	0.974699
481001	11.8975	0.9583	1.1351
482001	10.553	0.9978	1.5955
483001	11.2231	1.0825	1.133
484001	11.8695	1.1199	1.2115
485001	13.6853	1.267	1.3936
486001	12.2584	1.1683	1.236
487001	11.6675	1.1887	1.2377
488001	10.6257	1.019	1.0686
489001	11.8523	1.1522	1.1637
490001	12.9684	1.1273	1.2528
491001	14.2449	1.2161	1.4091
492001	11.8039	1.1514	1.146
493001	13.2718	1.2992	1.3226
494001	15.7404	1.7538	1.4956
495001	13.5386	1.1527	1.2618
496001	14.4983	1.3742	1.4752
497001	12.7121	1.2373	1.3003
498001	14.1114	1.2533	1.4092
499001	12.6592	1.1723	1.2449
500001	11.9134	1.0761	1.2362
501001	14.3079	1.3217	1.5175
502001	11.3218	1.0789	1.1311
503001	9.3932	0.8591	0.8838
504001	10.8494	1.0157	1.031
505001	11.4041	1.0368	1.1543
506001	10.6893	1.0023	1.0326
507001	10.008	0.9661	0.964399
508001	10.1417	0.826601	0.9548
509001	9.9558	0.8328	0.922199
510001	13.8669	1.2882	1.3292
511001	11.1393	1.0455	1.122
512001	12.0772	1.0867	1.2038
513001	9.43921	0.844	0.991399
514001	11.8587	1.0344	1.1352
515001	8.88841	0.6994	0.824
516001	13.2218	0.956301	1.2707
517001	10.1897	0.7659	0.931099
518001	9.1729	0.7262	0.8499
519001	9.2052	0.7625	0.8674
520001	8.99621	0.720701	0.814501
521001	9.5436	0.797199	0.855299
522001	9.7475	0.7938	0.8954
523001	10.9125	0.912201	1.0415
524001	11.9969	1.0376	1.1314
525001	9.5489	0.807399	0.896699
526001	9.39201	0.783001	0.880501
527001	11.2611	1.1828	1.0906
528001	10.1794	1.0753	0.9744
529001	12.7369	1.0956	1.2984
530001	9.2137	0.741199	0.828299
531001	10.8442	0.868099	1.0301
532001	9.5052	0.802499	0.929799
533001	9.3754	0.8137	0.882799
534001	9.2086	0.7503	0.8585
535001	9.247	0.7944	0.843299
536001	9.8076	0.784299	0.995799
537001	9.2259	0.746399	0.845299
538001	10.6298	0.886701	1.0675
539001	11.8633	1.1209	1.3573
540001	10.8028	0.949501	1.0378
541001	11.7749	1.0602	1.1412
542001	13.649	1.0682	1.27
543001	9.54131	0.8532	0.9062
544001	8.87221	0.687601	0.799899
545001	9.8965	0.898601	0.9311
546001	9.4878	0.827399	0.894499
547001	9.37871	0.845701	0.868601
548001	15.4184	1.1041	1.1407
549001	18.1817	1.5873	1.8129
550001	15.3134	1.4515	1.509
551001	14.307	1.3148	1.4395
552001	13.2641	1.2345	1.3319
553001	13.2322	1.1444	1.3292
554001	12.1531	1.1003	1.147
555001	13.2921	1.1206	1.277
556001	12.7922	1.176	1.1815
557001	15.3673	1.3956	1.4838
558001	13.585	1.2813	1.3567
559001	11.9719	1.1413	1.1726
560001	11.9253	1.0803	1.1765
561001	11.0765	1.0185	1.0935
562001	11.1124	1.0643	1.1164
563001	10.61	0.971001	1.0651
564001	10.7136	0.927601	1.0253
565001	11.0683	1.466	1.0402
566001	11.6675	1.0872	1.1453
567001	10.3421	0.9873	1.0247
568001	10.3247	0.912699	0.9926
569001	10.9094	1.0168	1.0698
570001	15.1669	1.3068	1.7578
571001	12.5694	1.1801	1.2238
572001	10.2744	0.881601	0.9926
573001	9.6449	0.862299	0.891699
574001	10.1324	0.920599	1.0487
575001	10.506	0.889599	0.976598
576001	12.5829	1.0153	1.1916
577001	13.5925	1.0715	1.2851
578001	10.8778	0.903699	0.994398
579001	12.0718	1.0649	1.1533
580001	14.0754	1.1347	1.3854
581001	10.8592	1.0255	1.0809
582001	15.3914	1.3198	1.5753
583001	12.7674	1.1954	1.2749
584001	12.2119	1.15	1.2626
585001	10.9821	0.992601	1.0712
586001	10.546	0.9177	1.1065
587001	9.4507	0.775	0.8873
588001	9.65059	0.8403	0.930399
589001	9.35819	0.7756	0.8822
590001	10.8914	0.896099	1.0169
591001	12.2946	0.9718	1.1584
592001	10.8697	0.9391	1.0578
593001	12.8035	1.0517	1.2465
594001	10.9457	0.9671	1.0276
595001	9.7229	0.8934	0.9582
596001	13.2206	1.2176	1.2686
597001	10.2072	0.8534	0.951501
598001	8.874	0.723299	0.8287
599001	9.37911	0.7727	0.870699
600001	9.3519	0.7582	0.8888
601001	10.4056	0.8291	0.9783
602001	10.0461	0.805901	0.9251
603001	14.4614	0.998199	1.3449
604001	13.6256	1.1318	1.3244
605001	12.3285	0.957499	1.2674
606001	14.3112	1.2322	1.471
607001	14.4514	1.3528	1.4986
608001	14.5592	1.2297	1.379
609001	11.884	1.092	1.1596
610001	10.8858	0.9472	1.0591
611001	9.2297	0.8279	0.874499
612001	9.75959	0.8384	0.921499
613001	11.849	0.8894	1.1158
614001	10.5416	0.8341	0.956797
615001	11.1708	0.835301	1.0255
616001	10.8014	0.822399	1.0227
617001	9.06819	0.699602	0.8425
618001	11.9896	0.9394	1.1741
619001	9.248	0.743701	0.8859
620001	9.5751	0.821699	0.8965
621001	11.3777	1.028	1.0758
622001	11.7992	1.1127	1.1694
623001	10.3196	0.9495	0.906699
624001	9.6126	0.8662	0.9188
625001	9.92029	0.8454	0.903701
626001	9.7795	0.817299	0.9327
627001	9.6169	0.810001	0.896099
628001	9.34099	0.7521	0.851
629001	9.2082	0.702699	0.8305
630001	9.456	0.7509	0.8669
631001	9.1956	0.7149	0.876599
632001	9.3985	0.8395	0.899399
633001	9.43769	0.8264	0.8703
634001	9.67359	0.8779	0.9743
635001	9.8424	0.8167	0.911199
636001	9.2054	0.745801	0.8796
637001	9.61181	0.789799	0.885799
638001	10.2664	0.777499	0.9581
639001	9.0159	0.7092	0.853999
640001	8.92111	0.700501	0.8388
641001	8.9817	0.7152	0.8274
642001	9.24151	0.746199	0.826399
643001	9.29249	0.764001	0.8957
644001	8.7771	0.7327	0.8132
645001	8.9168	0.6813	0.8406
646001	9.46089	0.695201	0.8358
647001	9.6873	0.7554	0.923999
648001	8.9068	0.7404	0.7949
649001	8.85559	0.655901	0.8189
650001	10.9184	0.8969	1.0026
651001	12.5444	1.0495	1.0869
652001	9.5004	0.909401	0.9117
653001	12.4917	1.0268	1.1617
654001	10.0856	0.8895	0.975999
655001	10.1334	0.8246	0.949999
656001	10.0166	0.8894	0.904801
657001	9.69509	0.835099	0.944099
658001	8.64429	0.6561	0.8057
659001	9.3281	0.7012	0.850599
660001	9.02949	0.6922	0.8188
661001	15.2505	1.2741	1.4465
662001	12.995	0.9619	1.261
663001	11.938	0.9326	1.2025
664001	12.1123	0.9655	1.1476
665001	10.7024	0.9157	1.0117
666001	9.63489	0.8328	0.9227
667001	11.2046	0.9443	1.1251
668001	12.9707	1.2864	1.2742
669001	10.7599	0.980901	1.1094
670001	10.0637	0.8146	0.9972
671001	9.15881	0.748501	0.8428
672001	10.1638	0.9109	0.930799
673001	9.4418	0.790799	0.933098
674001	23.9853	2.2374	1.6808
675001	15.9105	1.5849	1.7301
676001	15.2967	1.3288	1.5189
677001	10.8985	1.1613	1.0809
678001	12.7331	1.1067	1.2397
679001	10.4671	0.947099	1.0038
680001	9.2781	0.844301	0.8772
681001	9.3504	0.787201	0.866099
682001	9.0749	0.727499	0.8657
683001	10.5882	0.837101	0.9589
684001	13.3959	0.949	1.1946
685001	15.4122	1.0934	1.3801
686001	12.0368	0.9989	1.1718
687001	11.5241	0.976301	1.1624
688001	11.0087	0.977501	1.0554
689001	9.9141	0.894299	0.9439
690001	9.2537	0.8396	0.8669
691001	8.9168	0.7319	0.824799
692001	9.523	0.8051	0.85
693001	9.35159	0.7399	1.0331
694001	9.8853	0.834599	0.903998
695001	9.0359	0.7245	0.8225
696001	8.80212	0.655401	0.8185
697001	8.88549	0.7328	0.809
698001	8.926	0.660199	0.8184
699001	9.2212	0.707	0.9182
700001	9.4593	0.7273	0.863599
701001	10.8146	0.8682	1.0023
702001	13.4255	1.0643	1.3198
703001	10.0189	0.9157	0.978599
704001	10.0086	0.9113	0.956099
705001	10.0732	0.887799	0.8971
706001	10.3698	0.890901	0.951799
707001	11.6919	0.9821	1.043
708001	9.0941	0.7355	0.853699
709001	8.83599	0.7121	0.834799
710001	9.30711	0.787299	0.879198
711001	9.9929	0.802	0.910099
712001	9.59189	0.719901	0.821001
713001	9.55979	0.7733	0.8656
714001	10.4613	0.7842	0.998099
715001	13.4919	1.0634	1.3362
716001	9.699	0.842401	0.9335
717001	14.1014	1.058	1.287
718001	10.1755	0.8726	0.974398
719001	13.227	1.0983	1.2193
720001	10.064	0.795399	0.921298
721001	9.20231	0.6861	0.835199
722001	9.1181	0.6865	0.8509
723001	8.954	0.657501	0.812599
724001	9.02311	0.6788	0.800299
725001	9.36849	0.786501	0.9126
726001	9.2595	0.7008	0.864299
727001	8.9486	0.6735	0.824
728001	9.26589	0.677701	0.8152
729001	9.254	0.7007	0.825899
730001	11.0461	0.862501	0.9655
731001	10.1319	0.9404	0.964
732001	9.3472	0.765499	0.8743
733001	9.3696	0.746201	0.8793
734001	8.79351	0.6639	0.8007
735001	10.3117	0.8522	0.970199
736001	12.2606	0.9753	1.1465
737001	12.1861	0.887801	1.1572
738001	12.3415	0.9027	1.1735
739001	9.65341	0.8377	0.943501
740001	9.16129	0.7285	0.8551
741001	9.2369	0.749	0.8449
742001	11.0666	0.9716	1.1353
743001	14.0909	1.1365	1.37
744001	14.531	1.1295	1.5181
745001	13.6808	1.3188	1.3658
746001	12.9192	1.1838	1.2722
747001	11.366	1.0229	1.1014
748001	11.083	0.8754	1.0181
749001	8.91359	0.6656	0.809999
750001	9.33839	0.778	0.8689
751001	10.2295	0.8065	0.978499
752001	9.2753	0.7947	0.8646
753001	9.2574	0.826	0.865599
754001	9.2188	0.832799	0.8569
755001	9.0245	0.7375	0.8288
756001	10.1811	0.8714	0.967299
757001	9.6726	0.7499	0.923598
758001	9.5697	0.711701	0.928501
759001	9.06319	0.6793	0.836399
760001	9.04459	0.646101	0.7823
761001	10.3828	0.847	0.967899
762001	11.6862	1.0146	1.0563
763001	12.6215	0.8723	1.11
764001	10.1667	0.713901	0.908199
765001	10.7469	0.8091	1.057
766001	9.675	0.8441	0.908
767001	9.7408	0.8365	0.908499
768001	9.6275	0.7923	0.913099
769001	13.8509	1.0565	1.3396
770001	13.3713	1.006	1.2801
771001	8.96679	0.6853	0.820199
772001	13.5102	1.026	1.2996
773001	11.6522	0.914899	1.0991
774001	10.2351	0.8988	0.9239
775001	11.7993	0.9644	1.0862
776001	12.5157	1.0532	1.2238
777001	13.2395	1.1817	1.3462
778001	9.9695	0.8773	0.960999
779001	9.09539	0.7867	0.8302
780001	8.88079	0.6945	0.791399
781001	10.2099	0.7684	0.9211
782001	9.9003	0.8389	0.915299
783001	11.9337	0.848599	1.1177
784001	8.908	0.7037	0.8212
785001	8.8299	0.6532	0.795599
786001	9.1763	0.6727	0.852
787001	14.7636	1.1155	1.3891
788001	13.3139	1.0685	1.3146
789001	10.5091	0.9275	1.019
790001	13.5396	1.194	1.3095
791001	11.2559	1.0433	1.0783
792001	12.3369	1.0407	1.2006
793001	10.9843	0.9494	1.0602
794001	8.9797	0.7443	0.824399
795001	9.163	0.8077	0.876999
796001	9.65279	0.8493	0.952999
797001	9.7106	0.8575	0.960699
798001	10.6898	1.0048	1.008
799001	9.6359	0.863799	0.9255
800001	9.3245	0.6963	0.8635
801001	12.2855	1.0273	1.1568
802001	14.0097	1.1201	1.395
803001	10.4349	0.8663	0.971901
804001	13.3901	1	1.3043
805001	13.806	1.151	1.3808
806001	10.1248	0.9283	0.996
807001	11.5615	0.9542	1.0964
808001	12.0282	1.006	1.2123
809001	9.94769	0.8335	0.9284
810001	8.89091	0.6793	0.8244
811001	10.2676	0.827299	1.0085
812001	9.5783	0.7703	0.8812
813001	9.20251	0.7037	0.835199
814001	9.05559	0.6866	0.8147
815001	10.3156	0.878401	0.965299
816001	10.628	0.797201	1.0168
817001	14.2357	1.0312	1.4066
818001	14.0485	1.121	1.3732
819001	11.7798	0.9497	1.1295
820001	8.95059	0.707	0.811899
821001	12.9974	0.899	1.2304
822001	12.1458	0.8868	1.1726
823001	10.6227	0.974899	0.9573
824001	21.6388	2.3118	1.8048
825001	12.5591	1.1663	1.2563
826001	10.4166	0.993901	1.0161
827001	12.9687	1.1124	1.2358
828001	11.2661	0.9999	1.1273
829001	12.9303	0.993801	1.1949
830001	11.3831	0.9652	1.1041
831001	9.7246	0.795801	0.885399
832001	13.0229	1.1252	1.2564
833001	9.74999	0.8773	0.935
834001	13.6762	1.0479	1.2955
835001	13.878	1.1011	1.3713
836001	10.3172	0.8789	0.964799
837001	12.7073	0.978699	1.1922
838001	10.5978	0.8167	0.994699
839001	9.54891	0.7726	0.918599
840001	9.5125	0.749601	0.9164
841001	9.41069	0.8106	0.8722
842001	9.01799	0.7133	0.830099
843001	9.2688	0.689	0.8135
844001	12.6015	0.986	1.227
845001	9.445	0.8253	0.876099
846001	9.90629	0.8751	0.9247
847001	10.9187	0.8718	1.0644
848001	13.4554	0.930201	1.2943
849001	11.6022	0.783399	1.0895
850001	13.581	1.3392	1.3898
851001	12.3608	1.0607	1.1142
852001	10.4878	0.7797	0.985101
853001	13.791	0.996901	1.3178
854001	13.2651	0.927201	1.3254
855001	13.5297	1.0475	1.3549
856001	11.6699	0.959699	1.1092
857001	9.2141	0.866299	0.884999
858001	8.94699	0.7243	0.8975
859001	10.4495	0.8071	0.9977
860001	13.3078	0.9812	1.31
861001	10.1948	0.869301	0.951
862001	9.68679	0.810101	0.9174
863001	11.0339	1.0149	1.0675
864001	9.6488	0.8842	0.922099
865001	10.0066	0.860101	0.9372
866001	10.0048	0.8962	0.9606
867001	9.9051	0.8197	0.939098
868001	9.0928	0.71	0.8097
869001	9.35319	0.7401	0.897899
870001	9.08389	0.715299	0.846399
871001	10.9372	0.9933	1.0298
872001	13.1429	0.9754	1.1304
873001	9.5826	0.781	0.9208
874001	8.78951	0.6524	0.797299
875001	11.7738	1.0306	1.0992
876001	10.8932	0.9619	1.0317
877001	9.5957	0.9088	0.9115
878001	12.2804	1.0231	1.1803
879001	10.6994	0.9046	1.0306
880001	9.6598	0.792899	0.8583
881001	13.6164	1.0531	1.2994
882001	12.1612	0.9243	1.2183
883001	8.87649	0.6937	0.838599
884001	9.289	0.7779	0.9041
885001	8.95961	0.6793	0.814799
886001	9.52221	0.7811	0.917199
887001	10.6266	0.902901	1.0182
888001	10.5248	0.890301	0.9673
889001	13.0412	1.0436	1.33
890001	12.7256	0.9906	1.1708
891001	9.40899	0.7637	0.875899
892001	9.8891	0.8076	0.9119
893001	9.5012	0.8285	0.8731
894001	9.3774	0.824699	0.9141
895001	9.7424	0.8402	0.9756
896001	9.5815	0.8235	0.9072
897001	9.1984	0.781601	0.8868
898001	9.0149	0.7297	0.8334
899001	10.3236	0.8652	0.960101
900001	10.4645	0.8764	0.9774
901001	10.194	0.908601	0.9711
902001	11.635	0.9153	1.0846
903001	14.5001	1.14	1.4325
904001	10.7571	0.8924	1.0844
905001	8.9709	0.7325	0.8045
906001	8.9461	0.6759	0.8076
907001	8.9091	0.641001	0.807999
908001	9.2826	0.7094	0.887099
909001	11.6448	0.886402	1.0492
910001	9.25891	0.7222	0.829199
911001	9.4194	0.865001	0.8822
912001	8.8636	0.7132	0.7924
913001	12.2236	1.0042	1.163
914001	11.1786	1.0352	1.0304
915001	11.711	1.0222	1.1211
916001	11.7667	0.914399	1.0927
917001	9.3657	0.8016	0.8731
918001	9.0003	0.6822	0.815599
919001	17.8083	0.9626	1.0266
920001	12.5551	1.0531	1.2172
921001	12.0822	0.941101	1.1466
922001	15.7509	1.2217	1.372
923001	17.65	1.4707	1.7717
924001	12.9695	1.1609	1.3158
925001	12.0484	1.1223	1.3451
926001	12.4617	1.1152	1.3353
927001	13.8962	1.1938	1.3332
928001	12.6944	1.0699	1.2138
929001	12.8584	1.096	1.2138
930001	13.2554	1.0383	1.298
931001	11.691	0.959001	1.1176
932001	8.97	0.6909	0.8232
933001	9.03	0.6868	0.816999
934001	9.24091	0.7119	0.8545
935001	11.9	1.1481	1.1739
936001	9.4293	0.8146	0.8898
937001	11.9396	0.9437	1.2275
938001	13.6848	0.9555	1.287
939001	13.3562	1.0748	1.2641
940001	11.0121	0.9061	1.0528
941001	9.6654	0.9185	0.9205
942001	9.22201	0.7781	0.8786
943001	11.7242	0.939699	1.1262
944001	9.1582	0.7833	0.855899
945001	8.8379	0.6621	0.7811
946001	13.6205	1.3401	1.4015
947001	9.7668	0.8128	0.8661
948001	9.04011	0.7004	0.8408
949001	9.91551	0.7261	0.9213
950001	14.8497	1.0101	1.4635
951001	14.6002	1.1212	1.4963
952001	11.6921	0.893	1.1023
953001	9.0654	0.7541	0.874699
954001	9.08461	0.7016	0.8304
955001	9.32891	0.718901	0.9052
956001	11.633	0.9351	1.0913
957001	11.9843	1.0033	1.1658
958001	9.3583	0.84	0.8961
959001	9.7643	0.8982	0.8868
960001	9.60509	0.802699	0.9025
961001	13.3821	1.0053	1.2701
962001	8.99709	0.7324	0.870099
963001	9.13241	0.7965	0.873099
964001	9.0863	0.7293	0.814099
965001	9.0516	0.733801	0.807599
966001	9.0432	0.7273	0.818899
967001	9.10569	0.6838	0.838699
968001	12.2539	0.919001	1.1712
969001	12.9703	0.9675	1.2338
970001	9.681	0.8204	0.919999
971001	15.1075	1.1156	1.416
972001	9.831	0.8953	0.9378
973001	10.0654	0.872799	0.885199
974001	8.9104	0.6705	0.838
975001	9.8348	0.8141	0.949999
976001	9.028	0.6459	0.824899
977001	9.3651	0.7375	0.850099
978001	8.8771	0.687501	0.812499
979001	9.4256	0.740601	0.8488
980001	11.4162	0.845601	1.0406
981001	13.1878	0.949801	1.2257
982001	10.4463	0.9255	0.9975
983001	13.1379	1.0738	1.2445
984001	15.7728	1.1604	1.5349
985001	11.1635	0.861399	1.0372
986001	9.4153	0.793701	0.8895
987001	9.19721	0.7611	0.844101
988001	9.21711	0.6896	0.854499
989001	12.1429	1.067	1.2092
990001	15.9856	1.353	1.4541
991001	14.9206	1.2243	1.4177
992001	12.6978	0.992	1.2097
993001	10.88	0.9692	1.0099
994001	10.043	0.8962	0.9472
995001	9.6826	0.840899	0.8855
996001	9.4492	0.847999	0.9617
997001	12.9217	1.014	1.2704
998001	12.4628	1.0758	1.2071
999001	14.9755	1.2498	1.544
